VII 14, 30. grauibus (651. 6,) 1125,
5Ἦῶ67868ωᾞ6ω7
45, 1816516116 161.) III 16, 6,
grauiorem (f.) 1 32, 0. grauiore (f.)
’ 71 44, 5 111.)148,15,61651651(551
11.) 111'1 6,1. grauioribus (abi. m)
7116,6,65156111156743,14
μ516615611137113,16,7112,“.6
6165166155511661711715 gr-auis
61515111(566,6.1131,51

grauiter 1 16, 14 1111'13,13. V4‚13.

Q?

mwssffiwfflmssuwss,3
6616,116661511Π12,16.7113,.6
65,19,6,1161165151714, 10. VI 13,
15 habeantur 114, 64, 1161161161 (9.
61515145, habendam 7Π1, 15.
20, 15 6611655667Π77,15. 1115116-
1161115121,15ΠΠ21,16 1151161611-
1517112, 65,1165ι1ι167Π77,6 ha·
bico (551,56.1129,1ο.“1165116132,
1.,.,334411,727,.5636,,152,16
71153, 1,11611116(5111,45.1111119,6

6,5. grauius 1 14,6.16.16, 1620, haesitantes 711 19,,6

66Π114, 16. 16,5, 74, 14, 3Ο,5, 551516155117Π 73, 33.
VH 43, 1167, 6 51301333313111131 Η51ι1116616611μ37 Η615115111131,
51. Η6ι51165 (acc.) 151,6,
h3udV 5415.
Heluetico 1551. 11.) 7Π915.
Η61651156 [ciuitas 1161561161 12, 16]

5,7ὣΝ4Μ5.

6651151615 1Π13, 11. 716, 5.

erecte grauarecur Ι 35, 5.

’65156165 7 29,1.

11ιὲ65561616515.5.17710,5.
4 .

gustare 7 12, 15.

hmmlffiuv3swmmffl
31. 15, 622, 6, 24, 6, 711 4, 6, 23 16.
59,16, 35 16, 6566116718, 10. 711
6661.16115111..616514,
6ἮΒ6ΜήἨΗι6Π

31M3ffimwmffiww
2,6ἯΜ1ΜΜ165Μ6
fflffi,3wfflmffiwffi,3.ffl·
mnffissmmm,3,aeuwffi„1
fflfflm5ffic.mmss3,3.9,ss8,

(acc.) III

6151161 16 1Η61561166 1 1215661515
Heluetium 13, 3. Heluetii (11111
1,.,.,.ιο253164,15.,,,.,.5175811
9,1,,..,,111115126 13,.,6614, 15,
affiefflffiffieffiuffimffl
lfflmffimefflfl.fflm3fflm
1161515166.6.13,,1511.15,6
27162816 2916 30,,16 40,
33. 1Π1 10, 6 71 25, 6 Η61561“ 1116 (11.1
141951011816 7117516
Η6]56116512,1,.6 6,6.9,.ιο 11. 13,
513,.614,161,75 1,8,61,,,,19626
13. 28,4, 11615611161651Ὓ111 162,
117 ’.,.,.,.,’.16841361816235

616 16. 30, 16 33, 3 44, 5 66. 65, 11 Heluii 711 656. Η6151667117, 10. 8,
4, 3. 33. HI9, 16, 23, 16, 33, 10. ΙΙΠ 3 6416. 11615116(551,17Π8,4.
1,6 7 6,,6 26, 16, 27, 66. *29, 16, Hercyniae (5.1 71 25, 1 Hercyniam

711,611,.517,.4231.44,.47Π

71244

. ⁴1,4. ’13,,626 5 30. 29, 13 717.4, 6616611516 71 13 16.

5.75,6,1155666114,6 8,.1 151 1115615616.) 746, 6 hibernorum 111

11,16,,,,,111915411ο,118619,
1,11,,118611Π22,6.16,723,.537,
1.715,5.7,16,,306,7Π171.;636
5,,545.116665651111,1ι39,11
ewsslmffl2nfflefficffi
5,’,.,ΙΠ146186”7416.42;4.44;
6,,5315, 7Π83,16116116561Ι10,
63664015 42164316 526
11295.727,16129,16,33,1671
9,4.7Π 29,5. haberemus 711 77,

2,1, 3,.1 731, 16. 1156151616141
54, 5, 727, 16, hiberna (666141
61116, 11, 111138, 15 724, 1661.
2515261.437,1639,.4.41,.61ο
42653,1ο.713’,5,71’190,4111-
11615116(ι151)110,15,1111,1,] III
29, 167112624412516127
65628611, 112,.9630,541,11
46, ιο, 41616. 5311166 7144,
0ffl1,3m5

661566616611 7,11 30,16, 35,1ο hibernacula (4566111356
11112,6.11Π1,6ι.12,16,201423, 1116615161617135
15 384716 1671316 11611511 11116(5,..,5561112 16 396 43,,649,

Ι28,5,,,485743,14.54,15,58,.66
6661165551 711 17, 6 1160111666 144,
67121 1511655616113, 16. 757,
5. 711646 67, 15 1165561651ΙΠ1
4 5 habuissent 1 44, 30. habiturum

6,11,11 15.111113,.','.114v431344
51645,6.71384,711775.11666
(6,.6111,,16410,1,.6181Π176
22,6,,,ΙΙΠ74171.,.,,23573148,
15.7Ι11, 161 ‚1.,.,531181110

 

