278

eneleuernnt 11128, 11. 7Π 27, 3.

3131111113111133314, 3 6, 3 9, e. 15, 1.
9. 16, 13, 20, 3. 25, 11. 26, 11. 30, 9. 9.
31, 99. 32, 3338, 19. 39, 3. 41,13.
42, 3. 43, 3. 48, 9. 11. 50, 19. 53. 3. Π
4, 13. 6, 1. 8, 9. 9,1. 12, 1. 13, 9. 9·
15, 3. 21), 19. 26, 11. 27, 9. 29,1. 330,
1.83,1.1.1Π2,3.4,1. 9,11. 12, 9.
14, 11.15,1ο, 21, 9. 2915. 28, 11. 1111
2, 1. 12 11. 18, 3. 22,13. 24, 9. 30, 11.
31,9 ee. 1. 31, 11,, 3311. 33, e.
36, 1. V 3, 19. 6, 13. 10, 3. 13, 11. 14,
13.16,1.17,3.11.19,3 21,1. 23,1.
31, 10. 32, 3. 35, 1. 431. 19. 99. 48, 9.
50351, 311561. 715,1. 10, 3.
20,1. 32, 19. 34, 19. 37, 11. 39,1ο. 40,
11.43,1. VII 2,1. 4, 9. 7, 10. 11,1.
11.13.12,114,1.15,11.19,1.21,3.
99, 3. 26, 1. 27, 3. 28, 11. 13. 13. 31113.
33, 11. 36, 1. 19. 1338, 9. 42, 13. 45,
31347,11.11.49,1.57,1.65,1. 66,
1. 69, 3. 73, 1. 76, 11. 79, 3. 80,1.11.

IIII 10,1.22,1. 7 40, 3. 44, 11. 71
7, 13. 8, 1. 9,1. 37, 13. 711 3313. 45,
19. 46, 13. (n) 11Π25, 11,13. 26, 9.
3 37, 1. V 11. 9. 26,11, 32, 1. 71155,
11. 68,1. 83,13. ()Ι2, 1. 3. 19. 8,
11311331, Π8,1. 29,31 ΠΙ4,
13.9,3.11,11.14,1.22,1. 111131.
12, 19. 99, 19. 33, 37 2, 3. 13, 9. 91,
13. 11. 26, 9. 28, 11. 37, 134613. 56,
1. VI 11, 9. 93, 19. 34, 3. 7Π 5, 11. 7,
3. 25, 11. 19. 283 32, 3. 44, 9. 55,
11]. 59, 11. 64, 11. 65, 10. 69, 9. 7’,1,
81, 19. 85, 1. 87, 33Ι ((31 4011.
111111. 11111131, v 13, 1.
24, 3. 37, 1ο. 7125, 11. 39, 13. 7Π
8313, (311311111111113
3ῙΠ15,1.10,1. 31311111. 71
13, 11. 22, 11. 37, 3. 71180, 13. 89,
99 11⁸9· 2 11313913 1·

,1 1¹· 1 · 1 ·
9,11.11. 15,3.3.19,3.7Ι9,11.19,
9. 30, 19. 31, 9. 42,1. 711 12, 11. 73,

81, 3. 13 83, 3. 84,1. 9. †86‚ 38813.
(ἒητε b) 11 3, 9. HI 9, 99. 14,11. 1111
. 9. 11. V 12, 9. 25, 3 7Π 11,13. (3)

11. 82, 1, (9 1112, 1. 27, 10. III 20, 9.
1Π115,1,16,11. 18, s. 34, 9. 723,
17138, 5. VH 73, 11, 86, 3.88,11.
113,11. 14, 19. 22,3 25,1,30,11,31, (v) 1 41113313. 111193, 11. 7 19,
11.50,3.52,3,Π8,11.16,1.17,1.29, 1130171211, 7Π 821881,
9. 33, 9. III 5, 1118113. ΙΠΙ 15, 9. exagitatiwss ΙΙ 29, 11, ΠΠ 1, 9.
28,3. 30,1.13. 31, 1. 32, 1. 37, e. 7 3131113313( 1117123

8, ¹6· 9, ²· 11, 6· 12, 4· 23, 1· 95, 6· 31, exanimauit VI 91, 14. exanimantur VI
111431343131,11331111, 16,,1. exanimatus VH 25, 19. ex-
5· 8, 25· 13, 13.35,11·19·36,3.37,17· animato (11. m) VH 25, 19. (abl. m.)

9299 1191999 <9 .. .

4, 491. 51, 9. 5134. 68, 1. 74, 3. 75, 4· exarsit V 4, 11.

1611111319111,,9112111113ᾆ433 exaudiunt 1133,, exaudiret 133,

33,,,3311 43ν 7. (f) Π 121. 33, 1.3131111111’71161,3 exaudito (abl.

11.III 13, 1, 1111 1, e. 91, 1, 11, 11 ''i-³ Π 11, 1⁷· VH 47· 4· 481·

561- 7132133311. 11113, 91, 9
711 20, 99. 28, 19. 33, 3. 55, 13, 57, excedunt IIII 33, ⁶, excedant v

,72128912 g)131‚3„11117‚ 39, 9. VH 781, excedere Π 25,

371331. 7111332 1, 11146, 9. 71133 9. 66, 3. excedendi 1114,
1. (1911013183, 29131111, 19. 3111611111 19,1. excedebant

4435411163.1111111111 ΠΙ 4, 3. 7Π 80, 3. excesserunt VI
61111, 1181120, 11.26,1.Π114, 11,13. 7Π77,11. 3113331131111112,
13711171,13.14,1.17,11.27,1, 13. 7 351. excesserant ΠΠ 1411,
¹5· π’ 28, ⁰· 41, 1144, 5. 41, 9. 1952, 18,9.

1· 7151· 23, 19. 28, 11. 31, 11. 111 exeunt 11 13, ,1,

1,13.10, 9. 11,13. 39,1. e. 75, 19. 83, 9. excelsius (11. 3,) 91 16, ,,

(l) H 231. 10. 26, 10. 35, 3. ΠΙ 4, 9. 9¹99 tans VH 47, 99.
5,11. 15, 1. 25, 1. 111110,9. 23, 9. 31311313 7Π 50,11.
26, 9. 27, 13. 38,11. V 9,3.11,1,71 excipit VH 88, 9. excipiunt VI 3919.
25, 10. 36, 1337, 13. 71117 11,19, 7Π 3, 9 exciperent IH 5, 11. 13,
1,20,11.32,3.(11)1 18,13. 30, 3. 42, 31111 17, 11. 7 16, 11. excepit VH
19. 1113133311. 1112, 112611. 2813. exceperunt Ι 52, 3. 7Π 51,

 

