99

33133 caruerint VH 17 11. caruerat 11. 50,.13.13,53,1.56,11.58,14.
71384. 313.7Ι7,11..’.,’.,’31113361137 ..13
1111113(37.,.)Π1131 40,..13131’1.,,.413342’,.37Π8,11.
Ο31111317Ι437Π2μμ131011-18ζ..,111911,’,..’1.,.’2013127329,
1311117118,1144,47Π11,,1 14,30,.1381,335,.,1.140 41,4.3.
Carnutibus 7Π 75 11. Carnutes H 14 44145 313. 53, 1. 13. 58, 14.
35,3725,.,3291,,,561713,162,1188380,,1388,,311.88,11
Carnutibus V 25, 1, 56, 11, 712, 13. 3311113 (a 57.) 1 12,,1 16,11,17,13.
7Π2,1. 21,1,.22,113,28,.132’7,1129,,1
331331113714471221 39,1.113,,.401143,. 47,11.48,
fflffiffilsq 5111311111 13, 1. 311- 8498491. 41111514 111² 4118 12111
131126,,41..,111Π141171118,1612011231124111263.
014111458ή8 (22341 24'951’9 25, 9111265, 118. 119111111319791594313.
33113 emersistis.) 7Π19, 11 13111-28,1.30,1ο.32,11,34,3.1135,1,
33188518(486,8ν’ 33 Π 5747, 1.V31⁷, 14 3171, 1114 47, 88. ⁷5'0169
84455344551815172218ῗ1. 22,1, (11111131- 87, ²108 175871244141343818114,
1311317221 (1311131111111718,1417,,1 2011241113 2811. 35,
1011111311111117 20,1, 21, 403331- 3 13. 36, 111111. 40, 4 45, 4 13.
1311311343. 711, 11 22, 19 Cassi· 46,,3 141511). 49, 4. 51, 3,,53 9. 58,
13111113(7.1)720,,4 181,,,,.’,’.;1368313681470. 73,
01111(117,)7 37437918034813821
Cassiano (357 3.)113,,1 83,14,13.184,1,88,11,891
99999'9 cassidibus (357.) VH 47,1 331111Π13,11744,13, tasum 1131,
6111111117,.,,,11121313 11,,Π151..22,,,37303 7136,3.
333101718213. 3311311111119,13. 40,1.7111,1141,13. 3311111211.
31113113 357.) 7137,13. 7Π87 Π21,11,7,33 19. 4111. 52,11
castella 1117Π6911311131111333) 7Ι27,,130·,3 87,1 42,17Π20,
Ι8,,3 Π8,.11 casellis (9999ss 19. 31113(αε3)11’Π31,4, 7135,
29,130,433,.111Π1,3. 7Π69, 4,,.7Π3519,11

118413. Catamantaloedis (91134

Castico (17.) 13,9 3113131 Ι 47,11, 31131111(α5.,7)15311
†9astigatus ΙΙ 813, HI 13, 1727
331111(11),.Π738326 13. 7140,,011111ἧ31110, 11.

4. 7Π 26,.1 69,11.70,11, 311113· (13111331171 31,3. 01113131724,
11111Πὸ,11 2313, ’ΠΙ4,,,,364 11. Ο31113133(357,)7263.
17,.1319,1ΠΠ30,.,4321. 79, 0111111117Π67,11.
13.15,,327114311481353,Ο311111111111754,1,7Ι5,1

1,,357 71711 411421 7Π31131117Ι2,3. 3,1113131144 7Π
28,11841,3.52,,13611183,,3 2,4
3311111149μ351,1Π17,118,,131113131,1.47,114ΙΠ1,.,,473
Π123132647,,91’17110,3,ΠΠ1,.4571183,,14 3111333(.)1
32,,1137,47Π16,1,..3511140, 4411411111114111411
449,160,4311111(333.)115,1,43115οΛ13 2714411171
22,13Η1313.,,391140,,41,344 48,16,1,,18123,1432,135,,,337
134491115043351111117Π41913711441531
2,1.,.,,.,,,35131173393111, 31111111143, 18,.,,141913
13131317,1’9,13,.1124,.311391131140134214441333
ΠΙ314631181311132313 47134811 Π7,3.1013113
24,141125,3.2,5,,132813. ΙΠΙ 11’,,’11111.13,411,3.24,3.11.
9‚9.,.}..'.,.131914999159'31,59.2, HI’1,9.',..⁷,.',.,.2919798191319
434311351371731122 17,11.,’,.,’18132313.ΙΙΠ1,114
1326129137134014913 4‚1.,.'.,9991119’,.19913,1419,

 

