15911,.,,,.,.,52545,556595.

555

21591405 55. 5015555511 2055

55.,.125 297. 3253155350 913655 50105555Π24,50
16Ῐ.’.43544,5 9Π1,..5555,59,50500551555(0555) 911815 0055-

53.5,ι5115513,’.5519,,’555
18,5..5019,5524,5. 29,5. 32,.ι

0551595000599Π3155 0555-
0551551555 (009 05)9“1152,55.36.5,

33,.,.5365 55.,39540,5’415.’55 0505055559Π 99 5 00555015(5509,)111

435 .].‚.'‚'4494›5114491.49‚950,

552555556559563565 (90555551

566,5,,6955,68,,5 70‚..41172,

2714.

555555 9Π 59. 55 02, 55. 55

6051563 005)550(3 911595,

9359659853958558660515105089Π31)5 0059595591(

797‚99..11099991991’,171',.’3011

90,11.

42,,543,..,.544,54855 Π9,505555500519Π49,,5
2055355. ΙΠ9,51455 I7IICantabris(cbl.)1112ss15
2953855935655205290051555555(055)9131141001
5555 29 55,,285. 41553515 94 capillum v1148,9. capillo (0019)

5455610 919 12, 5515536,

14,5

541, 10.vm3,9.i2,’.,.'‚ff1189909 0001111, 55 913859119Ιο 00·

2455395539 5043 63369,
19. (1055505919, 510512 55 19, 55,
189.931,.43'4‚.'‚10371',.’,392441

piunt VI 29, 5, captant 111 135,
9Π4, 11. 000555120,5.44,5. 111
2355ΠΠ1452055305928

5,46,.549,.553,.55 ΙΙ,,205 ΙΠ 10,,.334 912110 ,33,55, 91112,
16,5. ΠΠ2655 29 55 325 9 55 315 9499771'1111 14,5. 05-

21,5,29,55.49,,559116,510,.1
125. 39, 19 79999199111,4.9
5518,55.,.,,,.20529530531,0.
9935,'.,'139939,17.49‚90.44,99
4954855355 Π6551255
155115515525531532,
5335355Π195510516
9.1‚'.,'89199.111199'.1c,.,199191.
97930,9.'.,.',9391vss790.7,91.
10,797,9.22„.,.,1125999440
541554505554955545
7147.,7,..',.7459121999329364.
38,5.41,0.9Π1,5,.,.135165
17,93.37,..',.’‚.7.1990399434571
fflfflhwfflcfflwffln
89,5 (1055055113,5.20,..55022,
5.31,,,00325.34,5 45,5.,Ι,Ι145
ΙΠ19,5Π1111,’3.5’,’,,,512529529,
5,96,.,,595515,5,29,.528,54,
919,.5 35,.55 43 55 9Π20,.55
379 47, ,6955

peret '1 15, 55 vs l. 55. 'cuperent
ω5,ωω.53,5.355
00155111 ΠΙ 28 55, 99, 55, 911 26,

,62 19. ceperint 11112, 1. 91 17,
9 515555
15605 9 29, 5. capitur VH 8310.
capi 140, 55. capiendam 911 26,
9, 39939999, 1391113139..)
91199 5505 tenda (5500.) 1111 18,
Ξὸ0001555115( 155.) 1111955 911
tus 15151 777777771179777 777 1053911
catc(cbl 9719.) 19 919,.5 22,
9.VI3,4. 00015051)91225 911
43,,5 69, 55. 0501.0(55 55,)9119 555.
captos 91235 0501005550.) 9119,
14. 37, 19. 500 55 (015155)918 55.
911 90 55 ca 155 (ablu) 11114, 50.

050515 (51.) 91 2,5

0055055 caespitum 9515 5555509105 captiuo (009.) 9139, 19. 0501101 (01)

(ἳο500.) 9 42 5 caespitibus (abl
4.

111 942, 19. 9143, 55. 5501505555

23, 9. 9132, 5 9Π905. 00011055

cala171itati9 9 29, 9 calamitatem Ι 9425 00011515 (0011122, 5, 950,

19W19311971199913719 9,11,.16974.VS,197,918,

9Π90,.5 0510555115ῒο 113, 55. 53,

5,,.4855255. 9135,,,ι55539,5,

19. Π 28, 5. 9Π 99, 99. calamitat97 VII '199 92, 5. 89, 55,
(ccc.7111'19‚.11 9719mitctibuc131‚ 0001556505( 55 311135,

1911 28, 5.
Caletes (55.19Π 95, 55
caletos Π 455,
callidum (acc. 555.) ΠΙ 18 5

0005519 58, 55, capiti· 9111, 55 91,

5518000551 9 1051 30551011ῐό035.
1559,331,99 051355 9 9

calonem 91 36, 9, calc’ncc 11 215. 00091105550015111110, 19

 

