304

1⁴.- leges (119.) 7Π 76, a 77, 10. 19- linare lini 19.) ΠΙ 13, 19,
11182804188111321114533111. 11337111. 1111511111 1111811191 (g.) Ι 18, 1. Lis-
1111, , eum 118, s. 11999 (95111 16,11.
Lexouii (pl.) 11117, 9. *VII 75, 19. Litauiccus VH 37, 1. 19. 38,1.10. 40,
1119191111 (11.) 7Π 7511. Lexouios 11, Litauicci VH 39, 9. 40 1. 11. 43,
1119, 1111, 10. Lexouiis (111.) 111 1. 11, ,1, sessiacum 111 11, 14, 54,
29,11. 1. 55, 1. Litauicco (abl.) VH 42, a.
libenter Ι 44, 11. ΠΙ 18, 11. 71 4, e. litterae V 40, 1. 411. litterarum VI
11119119 ,1 V 7, 19. liberum (11.) V 7, 14,1s. 11119111(11.)7114,1.1ο. lit·
19. 11891111 Ι 44, 99. 45, 19. libere teras 1 26, 11. 745, 9. 47, 4. 11.
VH 36, 11, liberi (pt.) VH 56,11. 49,.1. litteris (15111291. 111,1.
11591917Π37,9, libere VH 49, s. 2, 1. 35, 9. HH 38, 12. V11, 9, 46,
11191111(9111.)118,1.719, 1. 7Π ξο48Ί r. 11. 49, s. 1. 71 14, 1. [7Π
,9. ,11.
liberalitatem Ι 18, 1, liberalitate Ι litus 1191.) HH 231 111919 ΠΠ 23,
4319. 19,26,1.78,19.9,1,10,1.
liberaliter H 5,1.ΠΠ 18, 1. 21,1. loeus 1 13, 11. 31, 11. 40, 19. 43, s. 49,
1159111111, V14,11. liberos 131, 9.1Π19,1.735,1. 7134,1.11. 37,
9111. 115,1.1Π2,19.ΠΠ19,1.71 19.,7Π25,11.36,19.81,19. 1991
18,9,19,1. 71114 ar. 26 9. 48, 9. (11121381. H 4,1.8 1.18,1.
66, 11. liberis (151.) 7 14, 19. 7Π 22,1.1Π 2,11. 4,11. 9,11. 19, 11. 13,
78,1. 11. 19,1, 231, ΠΙΙ 23,1. V9,1s,
labero liberaret 111119, 11, liberandi 15, 10. 57,1. VI 5, 11. VH 14, 1⁷.
ΠΗ 34, rs. V 38, s. liberatus esset 15, 10. 17, a. 19, 1, a. 20, 15. 45, 19,
727, r, liberatum (m.) V 49, 19. 52, 5. 9. 53, 9. 72, 11. 7311. 74, s.
1159111111128,11. 745 a. VH 4,11. 85,1. 1999 (1111 29, 19. 7Π 44,
111, 1111919. interserunt, 10. 111111 11. 11, 11. 99, 9. 91,
11113111,111911111111,9.ΠΠ nro. 21119. 30,1. 34, 1149, aa
1111111111.11111111. 77, (bie). ΙΙ2,1.5,19.10,9,11,9, 16,
41. 1159111191Π8, 11.ΠΠ1,11.7 1,17,1.18,1.23,1.11,11, 21127,
27, 91. V11 71,1. 19.29,9,11.Π11,11,16,1. ΙΠ119,
librilibus (abl. [g VH 81, 10. 9. 23, 9. H 1, 19. 9, 11. 11. 11, 15. 21,
licentiam VH 5 , 11. 123,19.25,1.19.35,1.1;43,1.44,
liceri 1 18, 19. 1199119 (1111189. s. 11. 50, 1. 52 1, 719,1,10,1.1. 11,
lieet ΠΗ 1,11. 71 17,19. 35, 19. 119911 1. 12,19.15. 17111. 29, 1132, 11. 35, 11.
17, 11, 7 30, s. heere Ι 42, s, ΠΙ 40, 11. 42, e. 43, 9, 44, 9. 7Π9,19.
10, 5. HH 8,1. 7 36,1. 41, 11, 51, 16,1.28,1.37,9.51,1. 53,9. 57,19.
1,1199191130,11. 31,1. 35, 11. 39, 6011. 62, a. 15. 69, s. 80, 1. 85,1.
11111[111351,811Ἦ113131111 11. vn 11, 110484.)411911145181169,1 ¹13,
11. 55,1. 19. Ligerim VH ,1. Li· 1111,11,1.19,1,13,1.ιο.11,ιο.
genem 71111,11.56,19. Ligere 1Π 26,19.11.33,19.1Π4,1.14,11.15,
aa. 7Π59,1.’ἶ 1.17,1ι.19.25,1. ΠΠ1,11.14,9.
lignationis V 39 s. 22,ι1.23,19.33,19. 34,1. 75, 9.
lignatoribus (aei.) 1 19, 1, 1, 5. 9, 15. 9, 11. 9. 191. 91, 4. 11,
lilium (aee.) VH 73, 11. 1. 32, s. 1. 3319. 34,1. 43, 19. 19.
1119191151.) VH 23, 11. 45,1. 49, 11. 11. 5111. 511. VI 6,

Lingones (a.) VH 6311. Lingonum 18111. 13111. 19,1.22,1. 21119.

I 26, 11. ΠΠ 10, 1. 711661. ingo· 27, s. 301. 11. 37,11.40,11. 7Π10, 9.
191126, 19, Lingones (19911 40, 99, 17, 19. 18, 9, 19, 1, 20, 11. 11. 3319.
7Π9,19. Lingonibus (951171 35,9.11.36,1.1ο.39,1.1.45,11.
44,1. - 48, re. 43, 1. 1. 1. 50, 1. 51, s. 4· 53,
linguae (3314‘1, 11. 1111111911, 19. 1. 55,,1. 67, 11. 69, s. 77, a. 10. 99. 79,
lingulis( 1.) ΠΙ 12, 1. 1. 83, 5. 1991(11.)Π19, 11. Π13, 1.
linter 1. 111191. 1411. 7 12,11. 71 34, 1. 7Π 7, a.

 

