316

111111111111133 14111114 4 3333 6131616 3611, 16 ⁶ 6666

15,.537,13,112,,321,..5153463, 5155151145,

40, 11, 43, 15. VI 13, 14. 34, 45. 1Π obduxit 118, 31.Ι

313 .,3515. 44,.5 16 358813 nu· 5555 55115133 15.

11151511133 4, 3, 6,51,165, 3, 18, 5515551511 Ι 26,65. 5515511111115511

13, 31,13. 541 611 1065 ,6175 Π16 41,.3 551551551511315. 55155-

631913 2313 Π112313322 1516111110, 14. 5515515 (551 [.111

1ο.3661,,6.,,12033233640,1,6,5113637,.11Π659,15

16114,511113331535345311111111531

3,,483, 555,4. 765, 3. 5. 15, 90,3 111-5511111115(5515111Π1333 oblique

65616616 66116646 6561616 1566116111616, 6163 61616615511665561661661455511115551511111 VH

1231555 2132635273 Ι6ΙΠ 34,.1

156 3163, 16,5 3, 6,,5 116 33 23, obsecrant 1118, 14. 38, 44. obseorere

5.3,627,5 3451Ι11331633 Ι20,1.

1,15.86,11,163,1.11,6,183 21, 4. 23, obse (1116511115 11129,,

14. 32,61. 4. 3363, 35, 14. 36, 4. 43,61 5555161511 11 18, 3, obseruabat VH

VII 11, 14. 48, 33 31, 14, 396 5 48, 14 163, 5555115161 Ι 44, 33, obseruate

553 513 51,,311,,,515’3.51,3, (311ᾞμ31155,

83 3 88633, 44. saepenumero. 55555 obsides (1161 Ι 14, 14. 3133. 55
Num'4444147141044414. 511111111ΠΙ2,.6,.613ΠΠ221336,1,1
1111151115(551.1112,..33 53,,,215119,35.11112,5690,16
numqueml44, 41. 11615 1Ι5,5.111411(5551Ι69,1514,163 19, 3,

1Π 2953 5151111111115115111. 27,5.,3111.1511.33,5.35,5.63615.
1111115131,11.35.Π4,15,,,127111143611.464,5.Π1,.565,5.6,3135,1.

13,,,15.24,,,,6540156211 ΙΠ8,..,.66,6,6515271ΠΠ1611185.
1111111151ΠΠ 6,21 13111111115615111ΙΠ111,21,15.27,111.31,1.3811.11.15.
35.,.11051111151515111Π2,5.Π161 2065.15.622,11.476,1.1613,5.4,5.

32, 5 nuntiarant I 31151 5111115151 9, 4. 12, 5. 61114, 15 7,3. 12, 1655,

12351143. 1Π61,.3 nuntiari 14. 63, 4. 641. 5651514556 (655516 Π 15,
1Π6,,911 111161111111111 65511383 1.1116,,623511111,555,,3 obsidi-
46,,1 nunt tiatum esset 11,3 556351 5115115161 1231631115] 11. 37,

111611115111111 1Π62,15,11111111515Π 1113, 1 H11,1o.3,.4 0,1. 23616

28,5,29,.,318251Π13151135 1465. 23,1. 112,56.,3.4 44. 612,

7,633, 1Π75 11, 1561815616, 5. 15. 1Π2,6554,1ο.

1161111515 1.6(561 3) 61 54, 3. Π1663, obsessionem VI 366,5, obsessione VH

1,22 5, uun tretis (abl. f.) 11616 361.

(616ὶ, ο55111511611Π42, 3355514515 HI 23,
513 ,513 3315111111 3334

53461Π61163.,,,,401431 nuntii (111111174οΛ.

(31.1Π1,3 616 4363, 71 10, 11 711 obsidionem V 469,1. obsidione ΠΙΙ 19,

8,11. 551115512615 4415, HH 141291545149 13,,6111325

13, 11. 19,.,53415 122,61.,,5311 6111

51651134,5138,1181,33, 1111161115 [obsignabantur 1 39, 14.]

1155113513 11111111.13

15 77, 44 6 6 5551111115151631, 15, 5551115155 19,3,
nuper 16115 31, 3 40, 15, 1Π 51, 3, 5551111515 111 416, 14. obstrui V 5115.
1111111153, 3 3333 5363113611 1613636, 166 ⁷

43, 20 55555151511Π4, 11. 71, 5. obtestari

VH 48,.3 3131133135331131114111.

55 14, 5 10,3 13, 13, 11, 14. 31, 15 5515151516 H 23,.3 1Π 28,13, 556115-

3416 50, (1111111116 55 rem). H 3653 115151111Πὸ1, 35

 

