301

H 15, 10. ΠΙ 17, 2. 26, 3, 1Π136,1. 1131313 13119351. 44, 10 (513). 47, 1.
38, 2. V 11, ι, 15, 3. 19, 5. 23, ι, 7Π Itium V 2, 0. 5, ι,
56,1. (11.1Π29, ιι. 7 12,1. 1135313513 (351.) 148, 13.

1313 (n. 3. 1111171, 14. 1353117,3, 19, 12. 311, 11311111

1131 11, 5. 12, 311. 13,,31. 11. 14, 9, 4. 11, ι. 11. 19, 0. 111118, 3, 21, ι,
11331315, 12. [2411261. 35,13. V 1, 13. 11. 31. 2, 3. 7 11. 13. 11, 1.
33, 11. 50, ιι. 521. 5. 531. 111, 1. 9. ι. 25, 9. 34, 9. 31, 9. 33, 1. 431. 50,
11.13.-19,13.33,13. ΠΙ 6, 3. 7, 3. 3. 13. 71 4, 2. 5, 3. 13. 733. 8,15. 33,
12, 3. IIII 12, 3. 23,1. 211333, 3. 3.V114,19. 7‚11.11,5.15. 12,ι,13,
9311. V l, 21, 13, 18. 30, ³. 47, 3, ι, 31, ιο, 40, 14. 45, 33. 60, 5. 64,
71 11, 3. 12, 22. 13, 11. 159. 219. 313. 67 3. 70,12.11. 71,13. 74,1.
32, 9. χ111 3, 9. *33, 99. 50, 99, 13, 33, 1. 31, 9. 33, 6. 20, 9. ¹10999115,
ιι. 74 1. 32, 12. , 3. V 51, 5. VH 58, 13. 135331119,

11311113 (ᾳ.) 71 1, 3. 7Π 1, 3. Italiam 20. iubente (31.) 7Π26, 3. iubebat
Ι 10, 3. 33, 13. Π 29,11, 35,3. 3. ΙΠ ΗΠ 31, 3. VH 36, ιι, 67, s, 1353131
1, 1.Vl, 2. 29, 5. 7144, 10. VH 1, 113, 1. 31, 91111, 1. iussitI24,
1. 6, 1. 111112140,19‚ VI 32, 16. 3. 28, 3, 3. 49, 6. 11. Π5,3,11,ιι,
7Π 7, 10. 55, 5. 57, 2. 65, 10. 25, 16. 28, ιι, 33, 3, 35, 3. ΠΠ 13,

itaquel 9 3. 19, 11. 31994019, 11. 13. 22, 22. 23, 3. 25, 5. 26, ιο, 32,
11 7, ι, 13, 1. 1115, 10. 10, 911, ι. 11. 30, 9. 14, 918, 8. 31, 919. v1
16, 3. 3. 20,,3, 29, 10. IIII 2,11. 3, 31, 5. VH 18, ιι. 27, 3, 33, 13. 47,
3, 17, 1. 20, ιι. 30, 10. 31, 3. 3. V 3, 2. 68, 4. 83, ιιι, iusserunt HH 27, 13.
20. 7, 3. 10, 3. 11, 5 28, 3. 39, ι, 57, 37, 3. 733, 11. 34, 2. iusserat HI
{53219305121322 11, 11 311311.131ῗ,,11,1,133ῗ1
3. 73, ι, 79, 10. 754, ιι. VH 40,1. 13331 3331 ΠΙ

1113311313, 11,ιο.14,ι3. 221. *36, 6, ι, iussus V 37 3, iussi (117.) HI
3. 43, 3. 44, 25. 53, 21. H 1, 3. 8, 13. 21, 13. 133313 (aiz. m.) VH 35, 13.-
13,3. 21, 323, 3. 26, 3. HI 5, 1. 9, 3, 1111911211990.)14,1, 41, ι, 3. 45, 0.
13,1.25,9.29.12.11111‚9,11‚1199, VI 11, ι, 44, 3, 1311131301511727,
33813333, 715, ιο.27,ι. 7Π 64, ἰι3, 71 11, 1. 31, ι, 13613113 ((1171
13. ,13, ,31,

1131 (3.) Ι 10, 101111, 20. 11133113Ι1311331311331752,1, 56,11. 1311-
7, ιι, 39, 22. 40, 31. H 11, 3, 17, 5, 3313 Ι 45, 4. VH 43, ιι. iudicabat
710, 3, 718,3, 29, ιι. 7Π 40, 3, ΠΠ 13 5. 22, 0. iudicabant VH 55,
461, iter (333.) Ι 7,2.10. 11. 8,1. 13. 1311331313 7Π77, 11. 1311133131
10,3. 119.15,1.12.16,9.21,9.23‚ 140, 1, 71 325, iudicauit VI 42,
3. 41, 13. H 16, 1. 17, 3. 29, ιο. ΙΠ 11111911311111 71203, iudicassent
1,3. 6, 15. HH 7, 1. 3. 32, ι, V 13, 130, ι, 1311333133331 7Π 52, 2. iudi·
5. 27, 33, 46, 3, 49, 5. VI 251. 3. VH 33511744, s. iudicaturos 140, 35. 13-
8, 4. 11, 7. 31111. 40, 11. 42,3. 56, 1113311112 3, 40 11. Π 27, ι3, ’
3113. 58, 311. 66, 1.. 13. 67, 3. 68, 1. 133131.) 7Π36, 3, 4431333111 (33311
1113313 Ι 3,1. 3. 9, 11. 10, 13. 219. 7, ιι, 12 11. 21, 5. VH37, ιι, 80, 1,
33, 11. 25, ιι.. 33, 19. 31, 2. 43, 99, 1999 (33111331, 11 31, 9. 1111 33,
41, 3. Π6,1. 12, 31. 16,ι, 293. 11. 7140, 3. 12. VH 45, ιι,

HI 20,11.21,9.23,5.11114,19. 11, iumentorum Ι 3, 3. 7 1, 0. 713613.
314, ι. 7 11, 3. 15, 2. 19, 13. 33‚'5.' 43, 3. iumenta 1000.) VH 11, 5. 12,
47, 1. 42, 33. 71 30, 2. VH 6, 3. 9, 3. 3. iumentis (351.) HH 2, 3.

4191. 42, 11. 58,1, 59, 3. 83, 15. 111- iunctura (31. 3.) HH 17,11.
1310111611. 1113313111 IH2,15. iungebat HH 119. iunguntur VH 5,
71 17, 3. 253. VH 11, 20. itinera 13. 133313 (acc.) IIII 17, 13. iunc-
(333.) ΠΙ 9, 13. 719, 3. itineribus 113 (901. f.) 18, ιι. 12,1.
(911.)16,1, ’1,3. 1113. 37 11. 38, iuniores VH 1, 3.

11. 1113, 311. v 37, ιι, 19, 9. 50, 1111331331, 23, ι,
5V13,11.34,11.VH9,1. 16, 1. 3. Iuppiter 133313 VI 17, 5. 0.

3511. 56, 3. 65, 3. lurum I 6, 3. 8, 3. 1313 Ι 2, 3.

 

