361

63,16. Vercingetorigem 111811 61161 ueteris (6.1,11 14, 6. ueteris
13,,21,,26,61316631611166,)11316666166616,),11121
1611661161166266226 26 6 66 963. 166166116161216 56·
uereri Ι 39, 2142, 11,1616111161Ι 19, f) 143, 14. (666126.) 11,,111
11, 15, 16 notaretur 16, 16, 66· 2, 21. 1616111116 (abl. 1 ) Ι 30, 6, 37,
16161111140,11.Π1,6, 1611161Π 62111213

1116181522, 13,.,.,1693251.6611111111(121.)ΙΙ,2011611116(651111
44,16,41,6,248,.1352,1ῒ,2;.11292 34„.14406

VH 11, 14 28,13, 661111.(6111111666616131621111 ΠΗ 15,11 16111-
15, 16 211 44, 6. 1Π 28 6. 67, 11, 82, 66111 14,16.161311661143,1.
6.16111611115,11, 661615Π4,6
16111111,16,ΠΠ220,.,,21131661111613161361138,1,1ΠΠ4,11,
2616111182 116113,1,,11712.,.1Π1232614,
161661161111116,12 19. 20,3 28,16.1136(6.261.11112
6616132,.164321.,Π2621,1,31, 26,132116111111491111173
1,,..1Π232162,26,3111113,1,26, 1121566.11361Π23,,,11113216.
,3161116366366316 611ἓ61611111216 ,1126116
55,.,.,,2,,211112621139311120,111

11. 24,11. 3811, 41167111, 6111616616661111111
16161161166611416 1616611113 11166316 1Π11,1ο VH 85 6
(6511Π16,3,232,6. 6166121111111(616,)1121,1,
1616116111 41, 99 1616111111 111511011811316.

4,.169 VH 77, 31. 161161111162 1161111311111(1111134,3,
1161121616, 19 66166561111 11111ίωί6(651)1116,3

148,11 52213 flammetur 11 26, 616111611 1Π 20, 96. uictores (1611
19. 2161611112145,11. 4¹49. 1161611211 1Π62,16. 61616-
33263916 6116116 66 26 6 3161111111 1111166116ἶῖ

6 1

2212261211222126621211621262111612111421126161612012)153, 11. uictoriae ,1
1611161 (1111 45,6 16111661614291 HI 26, 11, V 539. VII 216.
66116161161631111219,6, 1611111111 121147 6. 8211. 66, 9. uic·
53,.9 ΠΠ35,.6372,,,,111Π886 1611611366332161111366
16211616 ΠΙ 21,3, 37‚.9 526, 6161612116 1 1416, 31,
16166166116117,1. 69. HI 18, 19. 13, 13. 24 6 134,,1
666316611611611113, 11. 161611 (666. 38,1. 43,, 47, 11. 53, 2 21. 1Π 15,
6,)ΠΠ86. 6611(6266.)118, 6, 202 3220, 26. 2522, 19. 80, 11. 99 uictorias
66161111 (11,) 1144 13, 6616216 (62111) 11112373. 1161611162 (61111Π) 2,,1111
16661112121261212361138,1331 uictus (11212111 22, 2, 23, 26, 6161112.)
1611616126, 6. 50, 9. H33,1. 158131, 99. 6131112211 VI24, 19.
9.,.VH601 uicu91’H1‚19 uici(9.„)IH116·2,
666161 uestrae (6,) VH 77, 96 1611166 3. 6,11. 1116(651.)1Π1,12 6161
(1.,)1Π50 11. 1361161657. m.)VII (11 6111143, 9. 1166612,5,1 11,
20 94 999619 VH 77, 21, 661116 1128,.61Π14,6.11116,3. 111
(67 ww 99 149. 61111165111516 Π7,.6
uestigio 651111Π2,65, 16 VH 25, 1Π29, 16,1Π113,2,1Π17,12,

6. uestigiis (α51)211 2216 1116611224, 3, 11161 6138, 6. 611261111Π
663116 1611161111 1Π 23, 1, 6611161- 20, 96. 61121611 1Π84, 9. 2111611 1122,
1661Π31,,6 1611116111114,,1 13.2111,.81119,111116311115,1.111
661111 666161121Π47,11.64,2.1116162126,,6 1116561133,
16611111(6.1ΠΠ1,2621Π88,1 (1.13.,466.53,,1611Π35,2.,171.
ueteranorum 1 24,1. 52 9. 58, 19. VII,6 9. 272, 4 5316.
ueto notarent 1Π 33,13.16111119,11161161112161 131161161311211
1616116161Π 2011, 12, 19, 41, 2 1Π25 6 11161111 VH

 

