337Ι

65,,44 70 11 91 19 81,,44 87,,3 mesqu19919()V4019 71274
88,3, (4434 (333.) 1 14, 43, 18,4, 19, (4413134740, 43, 7127, 4, 7Π41,,3
44,20,4344 (543143 31, 345731. 35, (441315 7111,.4 (441311444717Π 6, 3.
4,,40 19¹ 43, 44, 47, 43. H 12, 11. 21, quietiorem (f.) 758, 44 (441311331-
44 2743 29443334Π1193 4444472444.
264311Π2444463454313(441413,4,,,,,,,.444317344313333,
8421442232344(543) 274 43.47,4.Π2,.,.,,,33431Π18423
28,3.,711426,,,.,442843344. 44.,.2443Π1Ι2,3.,73.,723.53,
414435543718417343 4355,4,,.[71393].,7Π114417,
19,.,4204.43,3. 7ΙΙ’,.’,.1444154 44,20,44.,.,.,.,.3643384344446643
23,,4 27,4 ,3919 343338, 4,43. (4414444444. 3 4417444 quibusnam
43:.953',24, 60,,488,,4484,3,85 4357.41Π30,4.

11. 86, 3 90, 4, quibus (357, 44.) 11, quincuncem VH 73, 44.

91,.69 20, 4,,43340. Π23,.,429 (44414343144115,4.,..41124ο44430,
43143ΠΙ144163214234 9.,...3510926191499'117919
11Π1,3 184, 21, 44, 22, 19. 19. 23, quingentos H 283. quin 3413 (333)
4,7’ῗ’,,3454 726,4,,3744 71 713,3 (44144341134351,3444.1115,
3533643 7Π44484133 4.22,’.444(1,,)712943,

80, 19. qu1bu9 (41111 19. 19,420, qumi (44717Π 73 44 33 7Π 73
3.29,.,.4374 1144 101H899 9. unna (333) 54,4 quinis
1.17‚'.‚’.4189111116,1.019,19..24 (abl.9...)11514

44 28429444304344374 (444444444413141 44 Π444 33 44
71,4.,,,,33124134.,.319324,3, 727,,,.,447Π193583
99144995191999,49'inqum91911.911.4'8,9.9'3,.911199
13J.,'.‚'9189949.‚..959161.,.991 78,3.715,4.,,,3733844.7Π

(43154343116,431,431113,44, 60,3,.4
18,.3 18, 18. 1ΠΙ2,4. 7,..44 7116, quiniusl42.9. quinium (4417138
19. 25, 11 35, 19. 7Π 14, 43. 69, 44. 33441413 (357..444)ΠΠ21, 91. quintis
76,3. (357 4) 7Π 364
quieumque( 44. 9 m.) 1135 43. (44433- Quintus H9, 43 1Π7, 11. 17, 4. 715,
eum 3(44..34,)4,Ι3143.(44413444- 3244343334.4141411727,
que 1447 ΙΠΙ7,4, quaecumque( (.99 4 6141413414137 Π11 22, 19. 7243.

17 40, 43 quibuscumque 4.,(7441 Quintum Π2, 3. 5, 19. 119 ΠΙ 11,
140,.33(44.1ΠΠ26,,3 quoscumque 9.V9,9.‚24 †.914 713244 711
7Π4, 3 quascumque V41, 19. quae· 90, 44 Quinto (357.) I 45, 3, ΙΠ 23,
8448144840431474441071731 1471111. 441444831411414431141 130, 14. 43,
(441134443...,334114243. 727,3. 44.ΙΠ29,.,47294473444455Ῑ

7130,437Π25,3341(1344(444,17 58,43715,.,49311,.,.420428
48, 9. quendam HI 18,.4 quodum 19. (4441 (44. 9. 44,) 71 1315. 99· quue
174-Π1743Ἢ4348μ43718ηοᾳυ3 V49.V,.H39qua(99.9f.)131,

m(f.)111110.4 (433434144417Π 49 31, 43, 727, 19. 7122, 43 29, 48.
29,4 4413344444. 447.,,4441Π174, 7Π2033 2843 69 19 703911111
3415434444 (47, 44.) 71 24,,,3 [(4433- (431118, 44. 20,.4 21, 9. 31. 49 34
344742,3],(44443(1444130,44. 3,,,’.,’.434243484411’22,3Π16,
(4415443344435744.17Π37,34)1) 4 223 26,3. '1111 144. V30..9
VH35.19 33,4.,3717 4.,..039991191133
quidemilss„439......‚1039439940 44 (849143 3843454352377
4,,,.,435035344,’,,’,Π3441744’ 9.91....99351quod(99)V11319
ΙΠ2, 19. 4, 44. 6,3,.153 19, 3. HH 7Π24*(44434(134441(444317Π55,
444454318311,44,729,4440, 19 (44344’,1424.ΠΠ13,.,Ῐ42043

4342,4.,..,.43444444437121,3. 729,44,,44,358,.,43713737Π
244928435443634423 11,,431,,,,,33(44444135440. 50,
7Π6,4.,8329,44.47,43,,5044. 3.Π32,333,4 Π11’4,.4757,3,
53.10.56.4..'.}.,62146919944 7137,44.71131,.354,..444490,

77 34 3,341(1(333,,11744.2114 34,.,336
033334145411444 1141113444, 22

 

