379

intermittunt 13, ι. intermisissetl,9 1888 itinere 97, 19. 50,9. itinerum 51,
181888818859,48. 4.52,8 itineribus 4(.,857)3 ιι, 4,8,
interponit 17,84, interposuerim praefi, 11, ι, 19, ιι, 35, ι, 39, ιι, 47, 8, 59,8.
ιι 1818 88115 48, ιι, 52, 19. inter· iubet 15, 8 43,9. 545 9 1188888881
..1118811 111 ..11111188

m· . ι8111111,’1 1111 1.
intolerandis (8457. 88.) 4, 9. dicauit 93, 4844 1854148881 13, 19
intrare 16,.8 32,8, 184188888881 16,8. 1831 (3.) 14 19. iugum (.888) 14, 15. 88
1888588127, 11. · iumente(91. 41, 19. 1888818858 19,
muemeb5t7 9 †1nuemretu1· 19 8, 8888 19 35, 5

inuentos 74,8 18818524181885884) 823,8 iure
1881515538, 55,8,

innitentibus 19, 99. iustam 50, 8 18818 (85188.) 48, 95.
1881188 praem. inuitis (857.) m. ),.999 iustis (obl. 8,) 89, ιι,
inuocat t48, 11. iuuentutis 8,.‘4
· 1995914 6,.,.,,.8118164.178

24,4ι8. 95,‘9.55,193 359351111944211915149995.

4118811. 501595541115

13858188(88,)8,),48 8( (88.)41, 8 ipsam 5,,0(-ι1)[48ἒ818ι8),),59 14. *8.(81888,
49511.1 1457441414), 44444414 45484 (4784547484.) 49, Labienus 42344 9. 45, 1. Labienum 94,
(89 191292 1881(88ἔξ.)8,.ἐὲ4416,84 ὲ8,255,ἳ8.59,4542,8,1851888557.)
348548 (8811384418138418 (857 488444) 15555554'15' 1846, ι8. 41, ι. 88. laboribus

8 8.

iracundi5 19, 95. laederet 52, ιι.

18 59, 19. id (8 88.) 19, ιο, 41, 19. eius laetitia (8.) 51,8, 18811115 29, 8.
(8818888818, 3, ι8,423,8,244,ι8, 26, 18888548, 15.

4,3,2 8, 38, ι8 41,8 ,42, 1948, 8. 88. 78111888(88.),31 19.

(f.) 9,9. 54,8 814187. m.,)7 15. 23, 78581818881588(857.,)39 4

19 38, 15. 46, 8. 81 (1,)2, 5 enm latrocinio (857.) 24, 88. latrociniorum
4515193511. 91,15.45,.5 eam 39,.4 latrocimis (857.) 30,11. 47,8
9'35 19 446, 5. 448 4. 54 5. id'(ae9,)14 781888 1818815118 (α57)9ιο 14, 99. 19 8
ι8,16,8241,8 ,,42843,88,,845 48, 781887818828 781538

8 52 8. 53, 8. 88 (abl. m) 7, 99 14418381188185948 183811851588(857.,.)88
19.21.15,'.517‚1.94,11.97,.1995 leatus 26 1. 27,...4398 1838188814,
ι8.,,398 35, 15. 49,ι. 41, 14. 4845 8 2488 39519. 183818(857.)11,
882042142284188468 8.1843811(88.8487.),.,,.298ι238818
881857 8)582182988 318 3811822μ3418818848,,821,,46,8
945991145559 15 1191'51. 10481119914199574655
88)13 1 8858. 5149 8 eorum 18318888 54,8, 18 gion5s95.,.93619
(88.)7,4,.88 8,.ι8 11,9. 14, ι, 24, 783188882,4..,48684. 11,8, 94,11.
ι8.,29 8.,36 88 49 8445445897.) 36.8..ι8 54,..4818. 7831888248
59, 19. 888 ’4244055151414 21. legiones( (.88)4 19, 19. 29, 8. 54,8. le·

89, 19. 34, ιο. 38, ι. 491. en (8838 )ξι88888)8, ,ιι 27, 15 31, 11. 4783881-

4244444444, 4155414414.)44948441944ι4844444444 6, s(558515. 8444 9599. 14448445448444544 844164

ite4,19.,.,.‚811819119.14,1915, 8,417,8,1,98.,.,24ιο25ι25,,8484
ι816827ι836ι842ιι438 98113913894611199955
44, 10 59 99 9. legionibus (α457.)4, 5. 19. 6,,8 7,
7187188159, 1. 9 54, 88 88 11858554 90 11814 8817 8. 18819 19 25
1188888μ84427μι8249μωιι39884318.4..4..4.4.4,39839ιο46852854488

44, 5. 48, 9. 49,.1 78ἒ8183 3881888818
1tem ἵ 10 emoni 961 Lemonum 98, 5 88 19.

 

