360

18, 5. 9. 20, 9, 21, 91. 23, 19. 19. IIII 9199199(99999.)1125,19.26,9. 99-
10, 9, 12, 119, 11 25,126,9, 19, niobes 142, 9, 9991959911 31,9,
95615891181919192319 Π24,912191189911130
321934935191Π3199 9,99111195142,19.44,.99ΙΠ11,
99, 12,,1 26, 99, 28,,9 49, 9 51, 19 99911991141,19.Π29,9.11Π
62,9,99,,,6’19911999511ΙΙ35,9.16,.999911,189,49,,9Π2,,9ΙΠ
15109. 91)Ι54,9.115111Π13,916, 18‚5.‚1111274.'37‚T‚f,15535V19
15.V9,5‚VbiorumHH85.,.l93 9,12,,,,91991Π3,,,15619,99119-
11*9,99,,,299·11919(9.,)111189.999149911111,9,19,,,.99229
115119(91)1110,.9 15199Π1111,34,19.36,9.13,1910,926,,9 VI
91,9 99. 11299. Vbiis (951.) 11 23,99,11112,11.11,99. 99591111
10,.1 4419. uenerint VI 10, 15. uenisse
ubiquessI16,4 13199499991116,9.99.1111
999 9’1 uectigalis (9.) 12211. 99911-7,9.1Ι5,19.1,,9 31, 19. 1Π 66,
..11111111 1119111, 11113 5 15 1911311111..11
99919199(9519)18,19 54,9.116,19,1,91,8,19.24,19
5551511161 (111) 91101511 52, 15. ΠΙ 1111191119991Π11232,119111.Ι 11110635
22,19,1Π449,,509,,569.9·9119 11,,,,,,,1,99291199189114119ᾖ
19991199 (9991991111 84, 19 VH6, 9, 1, 9, 1'1‚2 44 9 9911199991
991999191911439131,99.11,1119.21Π11,219.122,
99116,.1911,,1999(55).31,99(519). 941,,,91139,,1Π59,12,.,9559,
99.11114,,9 ΙΙΠ 1911519). 16, 99 9999 9991919111 (99.)142, 19, 9999 999
1Π 37, 99 191991Π132, 19 uenturos 99991
Velanius 111 7, 11, 1919911 ΠΙ8,9 29, 9, uenturum (99.) Ι 34, 9 IIII
Veliocassis (5.) VH 7515 19119999· 21, 15 V 3, 55. uenturos 1 31,5
19115650011115, 16 11151811131196115611011111311 95.
191199991919 1Π 11, 9, 14, 9, 1191- 70, 15. 99999191 1Π 28, 9, uentum
1999999999(999.)1Π 11,1. 991143,9.126,9 11439991
uelocitas VI 28, 9, uentum ΠΠ28,9,99999199191Π
uelox uelocissimi (99. 911. 99) 14819.1119111239.99991999191111Π
uelocissime V 35, 9, 61; 1.
991999 99119 (951.) ΠΙ 13,9,19. 1499. 9991111991 Π113,9, concitare V27,4.
991911 32, 19, 9991119191 IIII 52, 4
uenationis 1128, 9 9999119915999151) 9991991Π13,99.15,9, 119 uenti
11111, 15 1121, (9.)1 43, 4. 99919(91.)1Π13, so.
555155111111115),11192116ἰᾶ111113319. 12111511121113811 41110 1611191115
Π116,19.11113,19.
*’119991119. 199111 uer 9919113, 9.
199911 (pl.) 111 85. 9,.9 Venetorum Veragrorum 11'11,15. 2,.9 Veragros
IHl6‚1 Venetos ΙΙ 34 ,1Π1,“.9 IIIl,5.
11, 991999119 (951.) Π111,9,18,9 Verbigenus I 27,9,
Venetiam 1119, 55. uerborgum 1 58, 5. 99159 (acc) 1114,
Venetici (5. 99.) ΠΙ 18, 19. Veneticum 5. 991519 (951.) 1 20, 99, 33,1.
(999.99.)111121,9.191999919911999991Π88,19. 191999
99919 (99.) 111 15, 15. 9991991 VI4,5 9199119999 (91911 76, 11. Vercas-
usnit 748, 5 ueniunt ΙΠΙ 18, 9 21, 919911999919 1Π 83, 15. 85, 9.
ro. 111 32, 9, ueniri V 46, 9, 49, 99, Vercingetorix VH4, 1 9,15 15114,
1Π63,980,.999919111ΠΠ5,,9 1..16,.‚190155.31,.’‚.,:13410355
1Π3119. 99999118, 99. 33, 19. 15. 36, 5. 51, 9. 53, 9. 66, 5. 61, 99 68,
34,99.,,,.359Π51913,9,Π1122, 1101911175981984189
9913, 99,4,,9 21, 15. 46, 9. 54, 10. 1. 5. Vercingetorigis V'ss 12, 9926,
111 2, 99, 3, 5. 35, 99, 111 1, 5. ue· 5. 76, 15.-83, 15. Vercingetorigi 111

 

