ΒΜ

.717,46.43,76.7Π11,74.26,.7 6.,,357676.,.[366]37,,,.640741, ·

69. 46, 71, 4. 72. 6 64,2 7. 43, 6. [46]. 47. 711 1, 21. 2,4.
66646464 49. 6.) 7 40, 9. nocturnum 4, 7. 6, 5, 77, 13, 4, 14, 7, 19. 76, 77,
(666.6.,)74077 6664.64776(α51 17,6.,’..,6746196.,’.,,207777623,
67.)71324.7Π83,,4646)7Π9, 47 256266762742844664.
41405194905W9)v5344400 29330193329153553,
turnis 4657. 4.) 711 22, 9. 4,6) Ι 38, 4..76 37,10. 47 38, 46. 45, 21. 47, 4.
74,,711 11. VH56,9. 6,4,8 77. 50, 14. 52, 76404354, 6. 44.
900194900)9197 55, 74. 15. 24. 62, 20.88,19. 77. 21.
nolint 7 41, 77 66144 44 7Π 77, 22. no· 69, 9. 70, 12. 71, 76. 73, 47. 75, 6, 66,
16646113,7.,,1861Π6,47.7,58 7767441446)44.46.66,,,79630,47.
77, nolebant 4,.Π1177 nollentHII 83, 5. 86, 6, 89,2.

37,7, noluit 1 28,6, 66164666 73, nonaginta duo 123,,6

76, 5noluerant Π1,.6 6667167617, 76,12,6,Π11,6,1Π112,
6644464446,)Π19,.67Ι32,.,,463446 4,31,4.739,.450,6, 7134711
nomen 46766.) Ι 13, 76, 36, 76, Π1116, 64, 76. .

21. nomine 1 18, 19. 31, 76. 114, 46 non nihilHI17,15.

6,4.28, 9111214. 745,6, 7113, nonnullo (obl. 74) 711 37‚10 nonnulli
7,7Π75,,6777,76,,8976746444461- 126,639,,.,76447376.,.,137639
bus(0bl.)712,4. 671146 ,40,77.44,6, 7Π70,.6
nominatim 1 29, 9. Π 25, 74 11120, 44 14. nonnullae (6. 107.) Π13, 76. 7
74,.6 23, 9. VH 47, 77, nonnullos Ι 17,4.
nomino nominabant 71173, 25. nomi· Π 29, 9 7 15, 4 71719 nonnullis
nauimus Π 159110911524011 7Π (abl. ’64) 11, 7. 77, nonnullis (661. 4.)
39,.6 ΠΠ6,4. 712, 5. nonnullis (900.
476613,76.,.,,77494610,6 ,1147 6),17,.7

6. 15. 12,.6 15. 13, 76. 14,4. 20. 15, 46, 7766 numquam 18, 19. 15, 9. nonnum·
185415175111822194 quam7113„29VH73,9

20, 6. 76, 22, 2. 14. 23, a 9. 26, 2. 15. nonusnon5019.)1193,1. 6666671111
30:.,4315.’...’.‚254545503320.,35 23,777,534

14. 47. 36, 66,.64674. 14 47. 38, 46. Nore'iam 15, 12

39, 7. 10. 21 25. 40, 46 44 44 66 67 46 1764766 (74 5. 4,)1 53,9. agrum Nori-

, 41 15 42446 764376 ,6405) 6677715 ‚nn

0.19.15.19.19.20.25.25. 46. 64, 45,4. nos 46.) 713, 77. nostri 729, 7, no·
46,7,,.,476..,,.,67448650646.52 676447)Π374754,47 71844
65374Π26676849410 25,,,,,.,,,67Π54425738467747
76126. 14,9. 16, 4,6 17,1.1 76..746] 666 466,,,6)14446 7474. 19, 7. 7Π
46. 18, 5. 23, 6. 21, 6. 6. 10. 23, 5. 12. 38, 47. nosmet VII 38, 76. nobis
2562774 2974431674 III 4637.,.,.)Ι404676642,6.7Π38,
1, 46. 2, 14. 4, 76. 5, 9. 13, 19.14,10 76 nobiseum 717, 19.

15. 15, 8. 17, 44 4618, 76. 46. 20, 7. 766666 nonerunt 71157 25,.6 nouerit
23, 15 18. 24, 46 25, 6. 6. 7. 6. 23 10. VH80,9. nouisse 1119, 20 notum
ΠΠ142646367474686 664Π1120,4.7 66664646.6)7Π
Π111’1,7,4,,,’,,,’7712461674,17’6, 22,,7 6646671247 44646719,
77 21 46 2276 24644 26 74 29 6 notam. 6.),.,71266346, no·
77, 667, 66, 77 644, 667 765 54 (900. 6.) nn 254 77664746
465667687461276144 4667.6)1Π124,.76

17,.6 184421647 27 74 46 7646 7466664111, 7. Π1137, 44,,,7197 VII
28.,’,..,.676297463063176336 38,666647446.6.4,)1130,76.* no
10. 15 34,1. 40, 9. 10. 41, 76 43, 11. strum (74. a.) VH 71 77 nostri&
940947510489505519 6.,777777 76.,746674444744,
65265444 4755756 46 71 73,14555,4. 6664766444. 4.)11Π
1626476465674468 22‚4.7117'7,.190052.i(99)11
6 776 11, 7 6, 77, 13, 15. 14 76 16, 17, 90. 66664οὲ67. 66,)140 99. 66-
76186720622723 7676 64446464),Π11 14.nostrnm(m)11
¹9521199431121134217205)⁸ 9,7, 711436, 6666764612,,,766

 

