306

1.,.,,,481589619,70,9 71,11.88,
9, ,11199111691111661 magnae
(1)ΙΙ419.15,1166,.135,19
4.V130,8 6Π32, 11. 77 8
19911111(11.)Π29,9. 1115’‚.'8811181,
18. V4, 11149, 18. 611,1. magno
(d.m)'119,18m14,14.111120‚
9,2,,59629,.96Π41, 1,.11 magno
(d.88'.‚)1885. 991119191911111
4818113910195481110,
1,Ϊ11111119,11ΠΠ3,199.9
V 23, 8. 51, 19. 61 14, 1. 6Π 38 81.
45, 8. 55, 4. 80, 8, magnam Ι 12, 9,
16,11.31,11.33,1.19. 36, 8. 38,.1
42, 8. Π 4, 9, 11, 19. 20, 9. 23, 5. 'm
12,11.Π119,1.16,91. V 7,1.11.
27, 91, 32, 5. 38, 8. 54, 8. 58,1. 61
12, 8. 28, 8. 349. VH10, 1, 55,1. 8·
9111191999 11.) Π 17, 9. 610 9
6Π 61, 1. 85, 8. magno (abl. 11111
2,19,32,9,34,9. Π 6,9.11,1. III
8,1.11,9.12,9, 19,9.20,9.1Π115,
1,,137 617,9ἶ 613,1.,69.,.79
19,8,91.1,311. 30,,93511.43,.9
6Π10,1115,.127,.931,.1948,1.
60,9. 9. 63,19. 66, 9 9931511619,
188 30,9.38,11. 441, Π32,.1
ΙΠ1,.19 23, 88 ΠΠ1,.9 229

8. VH 569, maiorum (m.) V 251
61449 (fi) HH 20, 1911191919
(991)149, 18. 9191911519 (abl. m.)
113, 18. 14. 80. Π18, 14. 1111 7,1,
1319. 6Π 1, 91. Vs.) V 40, 8. VI
1,1ο. VH 6611. (11.) Ι 50,1. 611
29, 9, 36, 88. 45, 19. maximus V 43.
15 1991191961 9. f)m87,.1 HH
11624,1961231.29,.11111911-
11111111(11.11.)138,.9 6Π1,39. 59,
11 1991119996.)6Π 55,.9 maximi
(9. 1156Π22, 11. 1991119111 (111)Ι
3, 8 VH 810. maximam 141,
10. 11111,113,1. 6,,1171219,
6115311839, maximo (abl. 11116
43,1,9.6136,9.199111119Π12,1.6
48,19,11191111111“1610,9 37,9, 43,
9 [99119919511111239.111911-
11191Π1129,1,19911911191,31.1Π
28,,1 6399 maximis (11717.11.1Ι
7, 8. 54, 5. V 31, 15. 6Π 9, 8. maxim8
I 3, 14. 10, 9. 28, 9. 40,11, [42, 11]. Π
4, 88. IH8,18.9,11.15,8. 1Π12,
92319259 613,1914,,,922
9.28,945,9.,491150,.,11541961
14‚14.,'.,'.‚18185n425 VH30,.1-
32,1,ἓ2,1,,56185,9.9 maxume
6Π6 9.

. ’25,19,34,11.69,1926,.935,11.11191911919’6Π17,19

37,113994595595816121Μ818118(4)ΠΙῙ5,1.
1934916Π6,.17,926,.936,111919140,,91
19 40, 1 65,1. 74,1, 77, 99 magno 1119196119 (abl.) Ι 7,11.19. 9, 1811

(1171711)11014499471Π12

28, 18

923,19.1111,5.,,299111124,9.Μ9116119Π120,9,
28,9, V11,5 16,,9 19, 9 6191111179 malle 111 2999193911 111

9.6Π14,11,16,1.,811.331,

8,11

1111119961, 7,’,)68 15 v112‚ 1 11191991Π14,19, 11191196Π2219.
6Π22,9.5,9 1911191114, 6111911311ΠΙ11,,9 ΙΠ121,9, 6110,9

1,.916911116118Μ111Π1756
3‚8. 18153 91 magn8(acc)V
5619,111111(1157111)Π11211
(Ῐ)1Π20,16Π,61,,,.711292919
W4wnss8ffi4(8ssffl58.
371138,114091.,.431144,1.
1Π1,,916,.,9261.616,1.,.1409
45,9 .,.489655,1.,.ο61311611

6Π71,9,111611391116Π6711.19911-
dare 11141 11911959161124,9
6Π 17, 99. mandarent V 18,19.
199919161147,19.111911119111111 12,
19 mandatum esset Ι 30, 15 man-
111199 9.,)1371.111916911(αο9)
ΠΠ2,9,111911111119957115135
9.43,19.Π5,9.6Π ,.111,.11

35, 18. 58, 9, maior (f.) Ι 31, 88. 46 1191111611 6Π 78,9,1691111161ο111111

88. ΙΙΠ 17 80. 632,1.6.122,1 611

3,1.11191111(11,11)·Ι46,19. maiori 14994951611196 20,.

(6.1.)ΙΠ 3,11,11111919111(111.)1Π1
329. 611,1. 6Π43, 18 (fiJVH

VH 6991191111911911 6Π71, 11,
9911616919
(17.)6 22191161161611911111 620,
1. 8.

35,,14219. 11191919(111.,,)617111119119ΠΠ1311610 6Π1,81,

6116619.(6111919.658,119999111631μ96Π411.1,.0111119-

11191,1,(9,,1111911,1114,9

neret V 41 manere V 53, 18. 11111-

1111110199(11911)Π13,6.28,9. 6251 1116111161 32,11. manerent 138,
541. 6Π7799. (1161111129, 11 1991991116ΠΠ1,11.[1111199·

 

