342

periebat 114,4 .‚15 4. repperiebe- 14. 24, 55 ΠΠ [2, 55]. 3,,,,7555
55555213,52.525525255551153,5 5.9,5.37,.5 21,.,5575,.,,5584
52 51555155 2Π 77, 55, repperi· 11. 26, 5552. 28 24. 52. 29, 52 33,
52551Π15,5 5252855251129, 5342385425495585521
14. 53,25. 111 22, 5. 143941714114211 3, &4ss 12 55922, 5ἰ,030, ῗ.132, ,5 ᾗ,
252292 212228052225251 (5. 2 22Ρο 2521822. 28125. 54⁶4 34222. 45’
(1354'74frerp3nffvm' 14. repertis :4.645241043711554131.8528,1211. 8ἓ312
55525115521),’.1305 5552111552513122 525(55.52.1)1’,.19233,5,Π20,5,
2522222222225265122 ΠΠ29, 55. 22, 20 71111118 41130114I 2252251214,
reposcent V 305. 5218, 5 19, 55 27, 5 29,5,32 4. 38,
repraesentaturum (44140 41. 544, 22. Π4,.5 102 202 205.
reprehendam 40ss1edize mhffidffi} {47'4151171144942844113422 ΙᾷΠ 173,
225225212222252255ω(5.5) V 33, 52. 52255, 21 11,2. 12, 5514, [25455
reprimi 111 14, 4 represso (abl m.) VII 17, 55 23, 55, 2455. 42, 5. 43,5,2Π
5252221215555505 .)Ι40,5. 2252212912, 2210355932, 22. ¹⁵ mre&-
repngnare 1114, 4 repugnantes (n. 56, 52.10,5. 17,55. 11115515,
5512Π 42 14 repugnab44119,4 2412. v'17, 14. 13,5 21, 4. 555
5234552551 211 63, 55. requirebat 71 .)1,3 55. 14, 4. 55. 184. 1135,

2105119315 211055.
44.4Mw1444444 m41m4moempm
2210452122. 12, 20112122 ¹164 231152 223021 23156343413712 4102101112,
25,5.5524,5.11,5,25,5.31,5 5 2

5 552355Π175954 18,

5.

5.

3155217,5.52.21,5.24,12
455485554952585 2112,
21,5,,52655.,ΠΠ55..82.,Ῑ32.14,

241,.9234,5..239,2.17Π1,5.2,
4.,.,.,.,,,.,32105265354385540 2,.,,,.,195221223524528530
5415. 4356355 6757755 345.55.,.,.,.,.385222535544
7848054. 521(5)Ι1425 21 5,..,..,.,.5572548511552.18,5.
55305232539540254452 26,522.8,5536,.53755,,,505551,
1110,55,,222, 11131414921 5525555556555755 212,
5,,,,’,2355245265 ΠΠ9,’5,23; 55565534105125214,
55,.,.2722295557,5. 2111,.2 5.20,5.21,,5230,.,.532552Π2,
21,,’.,.’,.’515225[395]40,52..122Π5.,65.859,.,513,218524,5,
2525525ω44 2552455555
2Ἣ5655557258,’.,2564 77,2.ο 4.5,.6555.26,,,1264 .72,574,5.
553052. (0.)Ι23,5.Π17,55 82,128,65.89,590,5,

Π115,5 18, 14 22, 55. 2117, 55 res publicareipr'rblieae (p.) 120, 55.
’2Π3,’5.14,’.42054.2452.31,.2 35,5.,.,5Π55ΠΠ1652.246,.5
33,.5 642. 5.2(57)28,5 rem 211,.55 33'‚1.1 (4.)1'33,11. 1’111
14,4.5,.,.494 1314 17 5518 25 5527 211,.55121115511511-
553053155332534539 5251221205. republieeI34,4.
22.43,5ο.50,5, Π’1,.,541752,,25 212022
55ΠΠ22305215228555 5255155110.2Ι,295 52521505512Π
23, 5, 31, 2..5 305 38, 55, 44, 44 86, 55 rescidit 1111 19, 55 12251-
47, 14. 52, 14. 21 105, 13, 44. 38, derant 2Π 58, 55. rescindi 17,5.
511111, 2. 52322. 302. 302 2Π58,52.5252155125251522Π 35, 5.
4254555 85,4',.',.444844144444441444441441.

112, 55, 20, 55, 23, 14 26 55 30, 14. resorib4r4142‚ 44.

31, 5, 35, 5, 37, 10. 39, 5ο. 40, 25 25 reseruari 2 3414 reseruaretur 153,
Π’,.’,,255455.,.’,.;,11552325Π1 40. reseruato(abl..,.n)111314 re·
12518 55 20221 52225 23, 441444144444 55)2Π895

 

