315

373 24 11. 43, 13. 44, 24. 52, 13. 10111(3μ37.)137,.3110111(9 .3.)1Π1
116'310 1133111111(3333)11513
m55m355m51

31.)Ι24,13,ΠΠ1211815,.38Π

31,11 13311511,3.33,.11114,13.
848,3, nostro (357 3.)Π1,14.18
111113 1103111(3.117)1113

26,11.15,,5213.,.,,531Π819,3

(51310111131811911124
127. Π14,1.,4.4,,41431153191ο
2132613 2813 1ΠΙ1211 143
153241125132611134
313815317122326134

339 1ο 81813 3733391811

36,143,,.50151,1.642,167,1,,77

33, 80, 20. 81, 3. 83, 5 88, 3 ’nostrae'

32,3,8Π12111131131114,150 13.
VI 12, 33. 113113 11313 8137

8Π 281 nouo (3513 3)8 15, 11.
nouarum 1 18,,1 86,3 nouis (3
1.)19,,111110,,1114115,3,13113
( .,)Π111,1111133Π2,.18Ι
37, 14 nouis (abl. f.) VI 12, 13
nouissimus 8 56, 7. nouissimum (3.
3) V18,1. nouissimum (aec 3,)1
15, 3 13, Π 11,3 VH 88 11, 1131113-
311113 (35 3.)14415,3, 23, 11. Π26,
1 111116, 22. 811 68,1. nouissimis
(3.1311425,11,11ο11133111133 1111,
12. 8 3234 nouissimis (357. 13.)Π

25313,

(33.7) Π112, 13.413,11,11ο3113111111 1131Π6, 10 1311312413, 11115,

(13)112132613934011
431113 Π117131932111
22,.124,.1ΠΗ34,,1135,.384,19
3.ffl„n'ffiw3Wffi,m.ffl,uffl

22, 1. 62, 13, 89, 3, nostrarum III
1341. 81122, 11. nostris (3 1311

1384331, 81125,.326,3,,43613
[41, 3). 4113433111 1263. 411Π 36, 6.
813,11,31,.,337134,,383.53,41,
81181 81111, 1342, 13 77, 31,
1035312613, 27,1.13.40,11, II
71.13.17,3,1Π1812613Π11

524,,’131193.26,,4,.11Π153Π114,.,1328143,,291,88,1410,3,46,

144.,,4,,4,,,1ο201253293134,1.8

3³133144314711510506

70, 4 6. 77, 11. 85, 12. 11331113 (3 s.)

111' 13, 23. 414, 6. 14063106 Ι 15, 3, 22,

1493581814138Π186
28,1339,34.,.,.,.,45360381388411.

{getium 81183. 1331333111.) 8
13.

11. 23411253. 26,,,,334013.44, 1131138116 11.
33463(518)1147,4.149,.3 11814 335313111111118, 11.

9,13 10,3 ,,19 13 13. 243 2413 11113111181170, 13 nudari 8 35,.1
33, 4. Π148, 15. 420, 11. 23, 13, 24, 13 nudatus 331 11,ss 3 1111331313. 3. 41.)
28,13.11114121.4.,,324330132, ΙΠ43 1113341111(13.)8Π44,,1
134343, 89,3.1116,,,4,411171 1133658Π46Ή11311113313(..3573)
37,.34541,1.4,.58381414,,38Π418, Π2311.

3,441,,1 49, 5 50, 5 57 11 67,9 1111338121, 13 nudo (ab 3)125,
72, 3, 80, 10. 81, 313841113314133 10 8Π47. 14.
Π33Ἡ34829,98Π16,,53331131811118812378Π4631111111151.
(333.4,,’,,,4,,,)1173119319312413 8.1.)11Π28,43.,81313,,.40354,
819,,3841173,,111331113(357.33) 13 812111 3433533938Π
115, 6. 25,13.441,11. 11301 33111131 1131111111(3.3,)411114
11,4,1114,,35,,3141.,120132811 33415,,38134,11111111(3.311)Π
29,,1 Π11124,.13411.,255,,3414,8 633513 8112013 nullo( 3.)
15,3,1,,126411.,340 48.,.1150,.3 8411343, 11111]111114(13.,)11153,81
5135838Π1636137733 36,,4,,,4,31111113111126134311ΙΙ
11431113 (557.Ῑ’.)1119,11424, 138 32, 3 11118, 1, 8313 81 23, 13
441 81173, 2. 79,1. (3.)14124,1 81117,13,77,11.1111411411111 (3334 3.)
26,13,17,,4,4,,,,.1185518137138Π21
13111133 (3 ) 8124 12. notitiam VI 10,1.19,11.20,1ο.42,43.1111113(α’57
2113 31.)11141,11Π6138Ι123140
1313111181Π41181251363 1111113733142,,,1581,715,114,
17οηί3311351 (3) 8Π 55,1 1733131511 81140, 654 10. 824, 5. nullo (35743)
8Π 14, 3 5513. Nouiodunum (acc.) 11Π1, 11. 8 429 114,,583 811 17, 6
Π12,14. 8Π 123 111113(333)813235116355143)
131111315ΠΠ 341, [81391] VII

58 ΙΠ 12,11. nullis (1113114313.
, 6.

1111111401

 

