636

1, 36, 1. 37,1. VH 2, 6. 26,11, 67,
111681. 7511. ἘδᾱΙ 1,11. 2,11.
6,11. 9 1. 1216, ,11, 40, 46. 47,
11.Π4,117,1ο. ΠΙ 14,61. 18, 16.
21,11. 111111131111117,
1181131Ὦ1Ἇ10
666wm66666m
4111 7, 4. 11, 16. 16, 6. 18, 113411
37, 6. 47,1, 64,1, 67, 4. 11. *68,1,
77,1, 81, 1,11. quo (66.) Ι* 11,1,12,
11.14,1.11.15,1 21, 6. 22,11 28,
6. 40, 1 16. 48, 11. 51, 6. Π 26, 4. 27,
6. 1111, 63 6. 6, 1116, 1. 1.ΠΠ 18, 6.
24111.34,138,1.729,1135,1,
49,11. VII 12, 4. 85, 6. 88,1, qm
(66 111.)11,1.1.2,115.11.6,1.7,
6. 8, 6. 10,1. 11,16. 13,16. 15,1.1
17,1. *21, 1. 6. 24, 6. 25, 1111. 26,
11. 27, 1. 6. 28,11.29,1.11. 31, 1.
6661. 32,1.11. 34, 6. 36, 1,11. 37,
1. 6. 39, 6.6. 1616. 66. 40, 66. 66. 52,

. 1111 54,1.1. Π1, 111112 6. 3,

1. 1. 1. 114, 1, 1. 11. 66. 6, 11. 11. 9,
11,10,1.12,1.13,1. 14, 4. 6. 15, 6.
16. 16, 6. 17, 616. 19,11.11. 20, 1.
241. 1,1. 16. 27, 1,11. 2811. 29,
11311133,11.11.35,1,1111,1.
2,1.1.6,1.8,11111141119,
1123,11.28,1.1ΠΠ1,1.4.1.11.
6,1 8,1.1. 10, 111. 11, 1,111. 11
11121.13,1.14,1.1.16,11(511).
66. 19, 6. 21,1ο. 22,1.30,1.32,1.
3413810311 V 1, 16. 66. 2,Ι 6.
3, 6. 8, 16. 9, 4. 10,1.1, 1211511).
14, 111, 15, 6. 24,11.26,1,29,11.
30, 6. 83, 4. 35,1 (511). 38, 6. 39,1.
1.41,1.1 44 6. 64, 16. 58, 16. 616,
6. 8, 66. 64. 9, 1,11. 11 612, 16. 61.
1666666m66
1. 6. 22, 6. 23, 614 16. 16. 28, 1. 6.
30,11.31,1.32,11.85,1.36,111.
37, 6. 16. 40, 11. 42, 6. 43 11, VH 1,
11213141151611
16. 10, 6. 11, 6. 12, 6. 17,11. 18, 4.
2011. 271. 28, 16. 31, 6. 33, 6. 38,
11111. 41,1. 421111. 45, 6. 47,
11.48,1. 50, 6. 16. 5511. 58,11. 59,
6Q6Q6ffi6ffi6um
71,1.11. 72,1173,11. 7511. 77,
1. 6. 16. 1101111111. 64. 18, 1. 6. 80,
6.11. 1111 81 1. quae (11. pl. f.)I
66666666666
16, 111. 26,1. 10. 34,1. 35,1. Π35,
6. 111 17,1. 20,11. 23, 1. 26,1. 28,
12911. 1111 17,11.20,11.22,11
*23, 14. 28, 4. 6. 29, 6. 31, 6. 6. 32,

1111111111
111111111311.1111111
4111511651. 72,11 73,1,75,
16 (566). 83, 6. quae (66. 66.) Ι 1, 1. 3,
1.17,1119,11.38,1 11 2, 1. 5,1.
16. 7, 6. 12, 6. 20, 16. 32, 6. ΙΠ 111.
ΠΠ2, 6. 20, 1. 29, 11. 30, 1. 71,]1.
1711815111113111501113811 38,
4. 251111. 26,,1, 66'6 36'16. VII
'1,6. 11,11. 14,11. 1311 22,1,23,
ἓ12, 378ὲ1. 381. 77, 1811181115.
...1, 11111431 .11..’
11 '1,6. 1111. 1411. 1111111.
HI 1, 6. 22, 1. 6. 23, 6. 1111 3, 6. 7,
186111 11131111· 3 1· 6
· θ’ ’ 6 ⁰ ⁹ · 6
61. 45, 4. 52, ’16. VI 4, 616. 11,1
21, 1. 31, 6. 40, 16. VII 5, 4. 8, 16·
13, 6. 1416. 17, 1. 31, 4. 6. 37 4.
39, 16. 44, 6. 48, 6. 58, 6. 64, 16. 76,
11.77,11. 2111111111,ι,29,1,Π
20, 1. ΠΙ ,1. *9,11. 13, 66. 28, 6.
33¹6 11131113 9191313511·
11. 77,1. 6'1011111‘166111166. 71
161, quibus (ἀ. 66.) I 2816. 30,11.
31, 66. 451, 111 111. 25, 1. ΠΠΞΞ,
11.73111111111131315.. 16V· 55,, ²1⁰6. 43:
11έ4141 11,1215, 11. 40,11 41,ἒ.279,
71111 '114116 14, 11398181. 11. 35: 5.
66666666666
6. Π 5,11. 111111111211.
1.13ὲ,11,21ἐ1 821έ1. 161,Π1Ῑὲ7,1. 16,
{fffflssffssmssffi
16. 1811611. 3111. 361311.
711.4,1.6,11.12,1.27,1.1.37,
1. 42,1. 47,11, 54,1158,1.11. 71
1,1. 8‚16.66. 1660. 19, 11 21, 1.
40,1 VII 5,1, 9,11, 13,1. 19, 14.
20, 11. 26,1128,1131,11. 33,11.
35, 6. 36, 16. 38, 9. 40, 16. 41, 6. 45,
16. 50, 6 16. 52, 16. 61, 4. 62, 66. 63,
1723411, gg, 46. 111 13144, 6. fi 16,
4 6. 16. 1. ,1. ‚66.
6176, 13, 36} ⁴26m Ἢ 161. ἃ 11.

ἓ. 51⁶· 5¹⁷· 4· 13·
1ffi66666dmv6
11.11,11,23,1.11.38,1.42,11. VI
LmffimQ6Q6QmQ
6. VII11,16. 22, 4. 56, 6. 60, 6. 6.

 

