303

13, r. 11. 11, 1111100100.) Π 5,11. 1. 11. 1111111011, 72411.
ΠΙ 29,1.1Π125,1. 1111012511. 29, 11. 38, o. 39, e. 46, 4. o· 47, 0. 10.
Π8, 11. 2311, 25 11. 111, ΠΠ26, 52, 8. 71 32, 11. 35, 1. 7Π 42, 9, 45,
17 35, 4. 7Π 24, 10. 25, 1o. 49, 1. 10. 50, 10. 62, re legione 18,1. 40,
1116111811, 111011 (ooo.) VI 41. 11341. ΠΙ 1,1.7,1. HH 32, 1.
8,10. 1110111110(051.)Π8,14. 7Π 11. 725, 9. 44, 1. 46, 0. 47, r. 52, 1.
67, o. 72, o. 53, 0. 71 7, 1. 7Π 49, r, legiones (0.)
1111111101 (3110101111) ΠΠ 1, 11, 141,1. 11 17,1,19,1.11. 231. 26,
1111441143 (0- 8· f.) 7 8, 11. 1. re. 7Π1,109,11,24,11.51,0.
lons 7123,1, 5111071240. 71176, legionum Ι 241. Π 26, o. ΠΠ 38,
18011, 1101011140,10.ΠΠ3,1. 107 3, o. 15, 0. 18, 10. 19,11. 24, 18.
19,11. 71210. 28,1, 40, ro. lande 48,1.11.7132,10.33,1.40,10.7Π
744. 1114. VH 1111. 35,11.47,1.70,1. legionibus (d.)
laxareII25,1e 521. 71, e. 7Π45, 10. 56, 0. 19-
legationis 1 7,1, 13, e. legationi 1 giones (000.) 110, o. 24,1, 49,11.
341. legationem 13, 0. ΙΠ 8, 11. 11111111171111211121,
legationes (1.) 111, 11. 11101... 11. 111111, ...1011110110
(00011135, 1. ΠΠ6, 1, 753, 14. VH 1. 711,1,17,4.9. 10191111,
111, legationibus (051.) 7 21,1. VI 25, 10. 71 3, r. 5,11. 7, 0. 39, 0. 44,
2,11. VH 43, o. 64, 11. 1.7Π1,10.6,1.9,10.10,1.1111,
legatus 11 9,11. 111 20,(1. 73510. 11. 17, 11. 34, r. 36, 91. 40, 1. 531
1111 (91752, 11. legato (01.) ΙΠ 59,11. 611 10. 67, e. 70,1.11, 9111,
1 ,10, 724, e. legatum Ι 10, r. 12, legionibus (011.) Ι 10, 11 12,1. 21,
11. 21, 1. 47, r. H 2, r. 5, 11. 11, 11. 1,Π8,11.11,11.20,10.22,1.35,0
ΠΙ11,1.0.ΠΠ22,10.38,1,737, ΙΠ11,9.21,4. ΠΠ38,0. 1212.
1e. 46, 1. 7Π11,0. 401. 411. 87, 5,1.8,1.1.11,1.1.16,1.11121,
0901, 1011110051.) 7 17,(1. 716, 1.24,11.48,11.53,11, 711, 11, 3,
1. VII 51,(1, 65, e. legati (pl.) Ι 8, 0115 10. 33, 1.,35, 9. 11. 7Π10, 11.
s. 14, 030 1. 37, 0. 42, ro. 116, 11. 27065 0.11.40,0.57,1.60,11. 68,
350. ΠΙ23,0, ΙΠΙ7,9. 8, r. 9, 1. 1831124110. 11. · ..
111, 12,1, 18, 1, 21, o. 22, 1, 11, 36, legionarius VI 34, 11. leglonarn (pl.)
138, o. VH 12, 4. 32, 0. 81, 11, 83, 71910. legionariorum Ι 51, 1, 11-
r. 89, e. 90, 1. legatorum HI 16, 0. gionoriis (0. m.) H 27, 1. legiona-
VH 5, e. legetis (d.) 1 7,10, 4311. 1100 Ι 42, ro. VH 2011. legionariis
ΠΠ 2211102311 71,1. 7Π 5, (0111111111,
1111511111711761· 11 1ἓ31116117311313116..
15211: 11’1, 2. 1’1,10.'12‘‚ 11? 1111 vn 001. 11111111010111,
20, 11. 28,e. 31, 1. 111 9, 0. 21, 10. [11],11. 1100110001000.) 7Π4,11.
231284. 111111,s. 13,1,16,10, leni (011111ΠΠ 28,4.v8 01011101
11, 1, v 1, 11, 0, 11, 0190111, 110111111111,1011111111
10. 24, ro. 11. 28,1. 381. 41, 11. 55, 717,1.
1. 71 1, 14, 4. 9. 5, 0. 6, 4. r. 9, 10. 1011111101 12,1,
32, r. VH 5, 1. 43110. 55, 10. le· Lepontiis (051.)1Π110,1.
1110 (011.) Ι 8, s. [47, 4]. 1111, ro. leporem 7 12, ro.
6117111113191132 ²²¹· 3131160
111111 0141111111. 11, 12, nn leuis 0· f.) 11 10,.. 111. vn 01 11.
en, 1. 01111. nn 11, e. 01, 11. oo, 1. renem (11111 41, 1. 1111101.
1205110110 Ι 42, 1110461, H 23, 1, rr.) 71136, r. 39,11. 53, 0. 101110(000.
,1.1. Π11,11,2,1.11Π25, 11. 0172811, 11110100.) 7Π4,11
79,11.45,11,57,1. VI 40, 19. '[leuiter VII 19, 1. .
7Π47,1.18. 50, 10. 51,.1. 60, r. 62, leuitatem VH 411110111010 Π 1,11,
11. 0110111101, ΠΠ 25, 11. V [V 34,11.]
27, ro. 53, 10, 7132, 11. 33, 10. lo· zeno 1010111727, 11,
110101114211431. H 21, 1, 26, 0101317560.10100(0.)7Π33,

 

