347

9,14. 11,11. 13, 11. 11 (bis). 11. 22. 11. 13, 1. 21, 8. 37, 11. 39, 1. 71 5, 18. 8,
19, 8. 2. 20, 2. 25, 2. 27,-4. 28, 18. 32, . 11. 29, 1. 7Π 18,1, siluis gabli H
1. 8· 33, 11. 34,12.14. [3611 37, 8. 19,11. [1111113111. V ,11,11,
40, 4. 48, 1, 7Π5,11.6,1,1.9,11, 15, 8. 19, 2. 21, 4. 32, 1. 7151, 84,
10,1.1.14,1ο.17,11.11.19,1. 20, 11.37,1.41,1.7Π16,1.32,1.45,11,
116111). 22. 28. 21. 21,1, 285. 28, 5. siluestris (11. m.) 1118, 1. 71 34, 4.
32, 11, 3611, 38. 18. 39,11. 44,11, siluestrem (11.) 7Π 44, 8. siluestri
411, 49, 5. 85, 11, 56, 2. 66, 11. 18. (11711111.) VH 35, 8. siluestribus(abl.
67, 1. 71, 1. 74, 4. 1177, 11. 28. 28. 78, 11.) 719,1. 7Π 1,11,

1. 80, 1. 85, 5. 86, 1, 89, 11, 1111911011111.) V 53, 25. (11.1. s.)
Sibunates IH 27, 4. VH 4311, simile (11.11.) 7Π 77 28.
11111114, 25. 11411111. 31, 1, uerisimile (1111.) 1111111, similem

ΙΠ6,1,19,11,11, HH1,11. Vll, (111.) 7Π 41, 12, similem (s.) 747,
’ 4. 17, 8. 23, 5. 81, 12. 44, 24. 51, 1. 71 2. [VI 7, 11]. 11111111(157.[.)7Π4,1.

, 18130,1.11.41,1.7Π17,11.19, 20, 22. 38. 24. 77, 24.

514. 18. 23, 8. 28, 11. 30, 1. 11. 37, similitudine VH 50,1, 7311,

116211. 111111111315, Π24,8. III 9,1. ΠΠ
siccitates 111.) HH 3111141. 1311111241. 2611. 27132111.
sicutI ,11. V 58,11. 7126, 2. 73, 1, 50, 2. VI 1, 1, 8, 14. 23,Ι 1. 34,

*30,1. 711 47, 15. siu 114le 32,1. 24. 36, 8. VII 12, 11. 30, 8. 31, 8. 48,
11111117 43, 1, 71 19,1. sio uti V 11. 50, 11. 73, 18.

ι 17, 1, 51, 11. simulacra (11.) VI 17, 1. (aea) VI 16, 8·
1131117171 (abl.) VI 14, 18. simulationem 140, 20. simulationeHH

1111111111157.) H 25, 5. , , 13, 11. 750, 4. 11, 71 8,1. VH 19,
uguifinntm 7 531. VI 29, 11. sigm- 1, 45, 1,

1166383113114113121616113,13181116 fflssazlgfifflerunt 11114 11. simu-

iiiiiiiari3illl 3VH sigiilllcaliiilirlli slmustalibus (abl) V 44, 4.
7, 10. siguifimr4lur HH 14, 2. ⁸4¹² 113’2114'24 35‚⁷.
”2¹¹2 123 86· 111219.) 34:202, 81· 14, .. 11, 1,..
45, 11. 62, 5. 81 1. signo (abl.) 152, ’8- 38, 15. 40, 18. 42, 244, 8. 40. 46, 5.

111 11111111, 1., 1111 19111, 11⁵2 1111. 15. 11, 5. [11, 11. 31, 4.

VH 3, 2. 46, 8. 52,4, signa ,5 ,) VI 11121134·241671114,11.8,1.27,

37 n, VH 88 u· signis ( > ΠΗ 11. 30, 5. V 6, 15. 29, 12. [31,11]. 33,
26: 4· signa (dcem 25, 17· 39, 25. 1141, 12. 45, 10. 51,6. 52853, 18.
11. 40, 11. Π21, 12. 2511. 26, 2. Ἧ- 27’ ³· VH 1³ ¹⁹· 20’ ³· ⁶¹³4· 52³⁶
111126,2, 114, 12. VI 1, 1, 1111. ,wi-2⁸1⁹·

34, 11. 39,1.40,1. 7Π47,1. 6111. 8173318371 1112117411589,

111, signis (111.) 11 11, 1. 118, 4. ungulam (21. ⁸· sl Π 24 11. sngu-
17,1.39,11.ΠΠ11,1.118,11711 ¹²1¹ ,(7· 'fa-l VH 81⁸· (4117177722
1113151113ῖῖ· 1113317617)18,7Ῡ’ἒ111111

silentio (1111111 11, 1,, 18, 1. 111. (1111111, singulares 011110
28, 11. 36, 12. 58, 2. 60, 5. 11. 71, 11. HH 2625· .
81, 12. singuli (11117.) Ι 6, 2. 48, 18. VH 32, 1.

81111 ly.) IH 8,1. Silio (157.) IH 7, 12. 36, 22. 73, 18. singulae (11. pl. f.) IH

siluae (9511128, 12. 7110,11.25,1. 14,1, 7Π 231, singularum VH 36,
ulnam V 8, ¹⁰: ,VI 10, 14. 24, 4. 29, 1, siugulis d. m.) VI 34,11. 412
113111. slluaH19, 10. VI 3811. 521. VH ‚18. singulosI ‚18.
⁸¹l¹¹³⁰ (71·114ὲ752, 1713011. 34,11. 111. H 20 11. 7611. 22,14. VI
11111111 ,11, 11111111139, 111Π 22, 4. VH 47, 11, singulas H 17,.1.
281. 71 3011. 1111111211. H HI 15 1. 2. 7Π17, 15. 60,1. ⁸1¹1·
18, θ· 19111611. ΠΙ 28, 812. 29, gula (aec. HH 1, 2. VH 16, 4. 89,
17· 111118, 1038197 9, 11.15,1. 11, singu is (abl. 111.) 7 51, 8. VI

 

