271 ¹

61, 47, 16, 78, 19. 7Π17, 16 (1166- 7Π71,6 74,6, 90,16 (11661666)
1611117,63,Π361..4175516 Ι15,136.,.39148,63.,.,1Π356ΠΙ2
7141,6,(11611Ι342,136Π15,63.1ΠΙ 123,11Π13119,31,,629 34,677,
9,1.131,.,1627167Ι23,.16(1161-6.113.,111316.451368,1.7118,63
1111163ΠΙ3,56,,13,128,1.Ι3ΠΙ34,6 7,ΙΙ 3313 7Π561711306321
17, 6 2336 536, (1166111111Π313628, (11311111 (657.) Ι 13, 1, 18, 66 48,6,Π
166611116116161111661 6,,611111,66’6,16’6,,.16 irn
11916 (111116367Π347, 19. dixeram 936 .,.318119 1127, 11331 72,
Π24,6,(1166161118,.141,.,.16786 1321313436 ,,,4263718,663,,,91103
6166133116Π1,1,28,6,(11616161131Π 1,33316.7Π93,6.23,.,66246 .3,44158
26, 19 V 44, 9. dixissent Ι 31, 6. 10. 81,9.

(113161116116 VH 77,6, (1166111611 differt 7123 11. VH 11, 16 differunt
·40,66,,.7Ι716(116311111111ΠΠ1,6.11,1714,6711.8,621,,1(1186·
3, ,71 14,36. (1161148, 6 711 38,611131711312316,(116111616117

63816611661135,6 (1163616111Π11 436,

13, 16. 71 30,1 dicebantur 1113, (1111631116 999 ()71119,6.(111116116(6)
1631,.11 72, 15.,989. VH 75 91 16,.9 666.)114,6. 1311116111(667..16)
dicerentur V 4,1, 711 38, 16 (1131116 717, 11, (1111161163 (666.) 7Π 336.
661 Ι 42,(161616111661 Ι31, 11186 difficillimis (601. 9.) 1197, 14. (11111-
49, 1. Π13 20, 9. ΠΠ 35 4. 76, 6 (116- 6116 (6116) (11186111167Π3,58,6
1111111431.611116611616.1116611161168611116161111111.
9999 (1161616366.) 7231661111 3616- 641111 56, 6, (11186611616117Π10
1111111436 61661 tdi¹ctum 111113,1 (111161116167118,1,17,6 diiii-¹
11 (11616361. 6) Ι 39, 66. 40, 95. 61. 6111616666) ΠΙ 10,1. difficultates
V54,11 61611111(6366.6)378,6 (ccc. VH 0,,1 (11166111611116 (ubl)
(116116 (abl s) VII 77 4 78,,1 Π2,1.7Ι34, 19.35,4. 7Π 5915.
6166 dicant 7113, 6, dicabant 71 (1111461137 41,63 (1111116116 (6 4 361.)
1361171331 41'919199138,4
(1161131116 Ι 4, 4 (1181111131 tur 71231.
*diduci ΠΙ 23, 15 diducendi (pl.) 71 digiti (6.) III 13,.63 digitis (601.) 7Π
333333.) 31,·’6133 1133 11113, ¹¹49. 713311 31113 1¹7 ⁷¹ ’·,11 37133
67131313(1161(6.)123,1337,36 1616167318μ171139,134,.1647371·
48,3651,1.Π11,16,12,1,,333,16 1111614366 71121666 13 61Ὶ
ΠΙ3113,3,11,,,146236,739,16.10 7Π88,13.
135164011486531581711 8161111111(6666)7Π271

11, 11. 68, 9. 89, 19 (1163111 18, 16. 14 dirudieari V 4499.

4¹¹9¹¹¹¹ 16. 16, 9. 9 30, 11. 1634311, dilectum 711,6,7Π1, 1. 3, 6. dilectu
7.ΙΙ,5111123,63,,,ΠΠ96313, 711,.16

6281. 731,61.6632,7 1638,.3657 (1111661166Π5,6. ΙΠ18, 16 7436.
6.7Ι3336.63..,11356.38,.67Π313 711366713180613111661111111Π
838 1641 16421184 116 77 1867113 66 (11166116611116Π28,
6661, (116134,6,10,16.133,6.15,1. 16. diligt 611 1661667351

18, 66 21,1 2331616 28, 14. 41, diligentiae ((7.) 7Π 4, 61 ¹dili entiam
19499481950111693911 ΙΠ·20,,,,,6711416346(11716611116
ΠΙ8,316ΠΙΙ311,16(536).216133311. 14011, ΙΠ213,11,235,6. 7536.
991v1591r19093994c9194‚99c..’9vn9'9,.1139,’.9
1.43,31..1647,6.3.3348,114365313 65,.e

526316 531. 713, 16. 7, 33.1.6381 (71716 361661667119, 11.

713111, 11. 151. 138,6 13311, 328, (11113136116(651.6.)Π 31316 (1111161166
161161616666111661 (994...>nn179
6.523.3,,315361182,6683688,63(1111116611611111117Π88,6.

77,1 79,1.81,1,88,6.89,1(116113161 dimico dimicare 718, 5. 49, 19VI

Π 317,6 ,3*35 9. 111 ¹18, 19 ΠΙΙ7,6 17,6 7.ΙΙ 20,1635,11,(1316116611(11
38, 19.VI 7Ι,186. 95, 99 36, 4..14 71373,6.(11111661617Π68611111·

 

