381

115151,1131,14 Nemetocennae 46, 44, Nemetocennam ,
moratur 34, 11. *1154514552 41. mo· 524,
4555411424 154545111423, 455554 neminem 22, 4. 35, 15. 38 5
moratus 4,’5. moratus (5 511146, 1541551115 5555155114 114 412ἰη25.
15335111011434. (13233141 34 9 44, 3 5242, 44, (3151143 1316528, 31) 311)132,)11.
11514111(14.)22,.4 (31245, (5152, ao. (111) 12, 14. (1)
11151115(555)47,,4 14118111) 15,5.18,11. (111415.
1114141457,5.15.14,4 19,4 29,14 (5) 27, 11, (v) 44,,4
41,1. 45544.11111141411158,14.151111511915.
45.21,1ο.111414141151117,119,4 1515 (51145 11)39,.5
13, 4, 26,,1 111141114115146,14,1151151514,1428,14,49,451,5,
18,14,11111111111 praefi, 55.
mult'um 25, 4 32, 4 multo 5014. 1115111,1.25,.4 27,4,
1111454111(5.)44’, 14 mult tos 41, 4, nitebantur 111, 14,
111145(555,)5.)2’1,4, 4111415551. nobilitatem 454,
11112414, 35264 15411141
11112Ξ121121(55514,1ο 111115151151152111412)15((55416)3,411.
1151515. 55151115 1511114 5551 t 155
4 (555 51325 111115(551 m) 4,4 8.,1.‚5.47 11114. 131414,
26,.4111114μ15334111111415(551.1415151516,1.11,13,.,.4295
11111, 4 11111415511115(551..,15)16 41, 23, s. 14. 15 25, 43114, 31,5. 335.
1111111οῆ15 10‚.1 munitione 19, 4. 37, 34, 11. 15 354 3,6,4 39, 5. 41, 10. 15.
4, munitionum 26, 15 munitiones 15. 43, 14 46, 14 48, 14. 11. 50, 5, 52,
{eccm 3414 munitionibus (551.) 11534.
1,4 1541411118,5 2415.
3313 33333154 4³, 13133133 33 ,3113333333 33
mutationem 52,,4 nos 55414155451115541. nobis
51515 1111511415(551 514414, (151554.,44,155(555)11554,41
mutuatus erat 21,.4 15541541. 5, f.) oef.,1.o nostri
(5, 11128, 11. 4231431 15514114.) 11.
1511311511 1915 234314 9,.111(1’14.,)514.,,,..121418414
47,1.52,11,,.53454,5,19,,,142714,28,,,14294,35,14,41
15111153,1.,4,7 10‚.1 12,,5 115, 11]. 1442, 4, 434, 48, 14 1544151515.)
2814464 19,,4 1441134111(.5)12119,
5511545551 4155412811. 5.23,14,34,14.1,4. 1551415 (d.
Narbonem 4114 15.) 19, 11. 19, 11. 1554191555 12,
1555148,44,115555154116,4 41,64.19,.4 28, 9 48, 11 {uostris
151115(5)495151455(9144,4. (511,5111,41.41.15,11
naturam 27, 14. 38, 15. nat 145 11, 15151514 27, 11 1154111(555.5.) 39,
4,,15132,4, 4, 41545(1111)111551.,44 notior(f)'
ΠΘ8Ρ139314143153131316 39 2141231 1153345113 praef, 44
15. 24, 14 39,15, 31, 4 5114514415151111 11132, 4, 38,4. nouissimum
44,4,46,14,47,,5 4811444449, (555111. 111554,4,41ο11551141548,4
45211 ne· quidem 111514, 51. 33, 5521415515 35,,,14414154511

omo (251151324111145111551111114541μ494

1941151111, (11,.,4511 1111111(15.)1’11554.,.,524451111511
2, 5,,32435,.1141,1.5 6,,11,,.,,,,1842412611495.-511
1551455531,5414155555519,11.1111(555.5,)1,.46,119,1136,,4
nenessitatem 5,.a 49,1, necessitate 39, 4 11115 (551 m) 5,14, 33, e.
43, 15, necessitates (555.) {)3,4 111115 19, 44 nullis (5 11.) 45, 4.

 

