989

{39191111315 19919 (119911Π1 4..993,.‚.‚.‚.,9385V815119l949

9199111

1151111 6111119111

13,.923,19.53.191154,15. VI

(α51..11311) 33,5ΙΙΙ1,91,501.13,.1114,..11115,9,,111,8,5.,30

11125·

19.32,.1111119,923,5135.,95

factionis V 569, 1112,1,1991191191 36, 11, 39, 9 41, 1,46,,461,5
(11..)11115, 22,11, 19911911911 fero 19111 13,14, 44, 99. 1511, 99.

1 9 199119191 (999.) Ι 31, 9.

1911111114,11,17,,9 21, 9, 28, 9. VH

19991999139,19.*999.1114,19.11ss 63,15.111’9111ΙΠ22,9,1Ι40,9
29,9.34,19,140,15,11144,150,1Π66,19.11,15 191191 13,19.

119, 911119111111191,11.115119-

14,,9 29,,.49 399 ΙΙ28,9,ΙΠ

19111138,9.ΙΠ6,.93,.1912,9,1ΠΙ 41Π1119925 14 39 9118,
22,,,,91111144,14.111,9. 8,.11 19,,,311111120,15..1911,.,4159.

3191118611, 1119111919 11, 15.

11,14. 1919591 III 15,.9 IIII 25,

149, 9. VH 50,19. 1991119191 (999) 10 111465, 19195911111, 19. 111

118,11Π1,11.111,9, 199111911-
511 (951) 111 11, 9.
fafumVQ, 19

19 999 (9.) ΠΙ 1414, 1911111111114,
15. alces (999.) 142, 1ο. 1Π22,4.

84,1, 19191511 (951.) 1Π 8619.

1911911119 ΗΠ 13, 19 fallendi 111 50,

9. fefellisse 1'1 10, 9.
191111 (abl. m.) VI 265.

191119(9.,)1539.1153οΜ935136
9.V,.,II39811. 191115’,’1395,53;
5112οΗ921,55,,24,1Ἦ’,’7749

19,9.16,1,1Π154191191Π26,
41111121516, 19. 399. ferrent
111619. ΙΠ13,91,19,,9 V1117,
15 tulit ΙΠΙ 34, 9. 14, 19. 1Π62,
19111911111121, 11. 11111191 14,
114419, esse 1911191 ΠΙ 8, 19. la·
1111(191)140,99,191119113999
111 14, 19 11,19. 191111 ΠΠ10,1
191911111131,11,191111 39, 95
VH 665 ferendus 133, 99. ferendi
(9111111189 1919111111(91,1ΠΙ1

2, 19. 1911111111 (999. 91115215.

19111911 29,19,1911191115’128,1, VII ferebantur ΙΙ 24, 19, 19119111 '1111
1111 19199130,1,1Ι120,15.11,,,91Π2419

21. 95.

ferrainentorum V 49, 4

191111199191,150 11.1119,1.1ΙΙ26, ferrariae (1195) 111221
1,,41 19, 481, familiam 14,,4 19-1911911(951.19) 11113, 9..9 1Π13,

1111119111 32, 1933, 14.31,5,
familiaris (9. 98119.) 1219
VH 14, 9. 64, 9

99. (111129

191) 1611111191Ι25, 9. V19, 11. ferro
1111191911091119, (95111130,

· 145315. (1111619. familiares 1911111111111911113,11, fertilissimam.
(9)91Ι,30,19. 1919111911511(951.19.) 9.) 11 24,4, .

wffifflfl
familiaritate 13, 19.

fertilitatem Π 4 4.
1911919919 111 22, 14 1911919919 (9991

191(999)Ι5011112191114,9.1439

2319.

feruentes (999 f 1 V 43, 9.

*fastigatus ΙΙ 8,19 1911 ttrgae IIII [9995 ferae (d.) VI 28,4 19110191.)

17,19.

131, 14. 134, 19 'ferarum VI 95,

191111ἓ11111(9.11Π85,9,1991199951) 19 19111 (9. 19.) 141,,9 19191133,

fflfflw9wr
ΜΜ5Μ13,9.
mmrfflnwvm
mssmtoewfflffi,m.
ffimmlffl,9.wffl,w
ΜΜΗΜ2,Π,

ff) ΙΙ 15,11. 19111 α(51.1.111Π
9

11511111Π111,11.
1191919111(991.)11Π21,15,1119116511.)

1Π16,9.

11119101 ..11123 19 1111916113, 99.

1911111199(9.11121,19, 264, feminis 41, 9 1111911113, 99 19, 19. 15. 41,

(1111111619.
1911111(119.)135,14.
feracissimos 114, 11.
1919Ι1,11,12,5,30,1,43,9ΙΙ2311
95,.931,,11’113,1.,.’28915,519’,1.
15111814201281 ΠΠ19,920, 4,,10 19, 21,9,42, 9, 77, 95.

19469 4919'1194’199199.
ΙΠΙ11,9.,,2111221915,96,
19715 2093614595619.
113,.,’,,’.1936441911119Π14,9
154,1.51Ι4,9,1,.,Π25414,5,

 

