35

g 1, 1.4..14 2‚.,.430 4,11.14.45. 5, 711116, 6166666166Π10,66.1Π1
66 7, 6, 8,6. 10. 14. 9, 4. 11. 10,10. 11, 40, 14, 66661 661 H 32, 14. usos 6666
12, 6(5’6’6) 14,.4 16,6, 17, 6. 66. 14. 144, 66 66616666 71176, 6. erant
6619666420 6621622623 6666 ΠΠ386 16666166667,254.
6.’..,,’,.24,666627628666.,2964.,30 4404145„10117,.,.12510 718,
511 316632634635636 6661(6.’.,’.,,161)1561Π1136671
66,’.’37,.6ι6.6638,,,μ644246456 4663566 66666666ΠΠ11666166
6664666666 47,6.66,.6648,6. 116666(666..,.6)7Π784
4966546655665666466666615061Π11766 7Π42,

6657658659666606616 66.,,3166886
6266366686696716672 11116616(66161Ι40465066 5315
73 66 74475676667866 Vulcanum 7Ι21,4
806816(566187,66.88,6. 66616(6416) [139 66] 111, 66. 733
6’166744,’.,’,16666711946 (61.6617 66 6661666(66),,ΠΠ56 6616161
44, 66, 6166661126. 1206 71128, 66 43, 11 uulgum
uterque 1 44144115414551444 (6668161 646,

que (6. 6. Γ) 1 53, 66 utrumque (6, 6661666661 7 58, 15. 6616666661166,
6.) 7 35, 14. 6111666666(66.1134,6 66, [6616664661 152, 11.] 666166-
4, H 16, 6. 71 19, 66161666 (61161 66166 7 35, 14. 661666666166 7 43,
VH 35, 1. utrumq ue (661 V 31, 1. 15. uulnerato (651. 66.) ΗΠ,12, 15
44, 45. 6166666666ΠΠ4,6,18,6 7 7Π46, 66. uulnerati (6 6617Π80
29, 66 30, 6, 7Π80, 6 8346166666- 6. 661666611661. 66.,1740 66 66661-
que (6666) 111 29,4, 6166666651. 6666166 7Π41, 10. 6616666116 (abl.
661,7Π33 66, 414'5414135, 6611 66)Π25,.6Π1115.6.
8,6,1Π12,,6 7326, 61666666 661666 uulnere 1 48, 15. HI 24, 6.
(4151. 661118, 66, 25, 11, VH24, 66 7 52, 5. uulnera (6.) 7Π 81 66,
utrique (666661.) V 50,,6 61661666 66611 126 66 6616661566 (6511)
16215 11 11 ,5131561121 61615115, 555· ,15 5 54
7Π80,66616666661616161ΠΠ 966 28 663566 456 71386.
26,.67Π7,6.70,6(6.,.11506 7Π50,66.82,6.
61106614 60641143) 15, 6 5,10.14,10. uultum139,5.14.
1¹140.,.,.,151420143151440‚434 ,45, 6666666118, 15. VH66,41. 66666666.)
6476526Π2646166356 153,441'xores(000.)111114‚.14
1111618422662361Π1546 14,67119,611661116166(6111.17Ῑ
61141666 2363367466 19‚1.·4 71178,,6
441761616612362666486 ¹

51, 66 (616 611) 71 15, 6. 2116 (6616 1Π(1616) 7Π69,,4
5)I28,.441,4. 1111’8, 14. V22‚.4 *HL (106116171162,66.
(61)143,.6111119,6.1,()1484. (66-1ΠΠ -,,,,,,,,72667Π5766047566
7Π 35, 66. (61142, 5. VH32, 15. (q) 87,6.

135,66,,,716 (6)1[24,.4130,.66 V·- 572466.

31, 6. Π1, 6. 21,.4 (111211, 11. 30,4. 7 (6666166116 14.

utilem (Γ.) 71120, 14. utili (651117Π VII- H4,45

76, 4. 6111666661. 66..)ΠΠ7,6 7111. (66 auae) VH 44 15.

6121161666 1111 19, 15. VH 23, 14. -V 42,.6

6116666671, 11. 616616611112,6 7 IXX—H4,40.18‚.,4V1111.VH21,
12,6..66 71166216624. 66.,28 634,666,.6

14. 6161661114, 66, 6166166113, Χ1-7Π69,66.*87,6.
66.741,66.7114,,661161617111Π-Π4,16.5,66.91Π11,61.2,4
77, 66. 6611116,6.,44 66 4566 H 11Π11,.631,6.79,67Π12,11.
25, 15. 28, 11. 1118, 6. 11Π2,66. 24, XII. (54034014459111124.

6..66 V1,.4 VI 14 15. [VH 88 4] XIII. (tertiae (16616666617Π51,.4
61616166147, 66 661111316616 XIHI- 12963666 7Π74,.6

Ι 166616661Π123, 14. 71165, 14. 616- 117- 125,.66 31, 66. 742, 45
1054140„43'6551‚4.'11142,14 Χ71-7Π1,66.

 

