conuallem V 32, 5, 55554114 ΠΙ 20, 45,
5554455545 (555.1.4)1Π 14, 5,

conuenit 11 34, 445555451145511 13,
4514419,4,,,,,1Π635664554455-1
51551131, 441Π 85,4, 45554441-
911'1 16, 14. conuenire Π5,4. ΙΠ
11,441ΙΠΙ21,421,4511,44,2,
4,21,,,,4565111,5,,,,3444.111
1,44. 36, 44. 64,5. 551455155611
515, 451554514414511, 45,Π10,45
111'1 11, 19. 19, 4, 23, 45, conuenit 11
12,411114,41.15,4,56,5,-55554
5515551304, ΙΠ131,.4 1Π51,
4, 5555455511 21,4. 5555451444 ΠΙ1
26, 44153, 44, 11155, 45, 55554-
444145 Π 19, 44 111114, 5555454-
455518,4.1ΙΠ16,1ΠΠ304 1
11, 4511, 44 50,51.58,.44 1Π39,
4148, 4 55, 54, 80, 44, 555545144551
136, 44, 11133, ’,44,484 55555-
44144555 I 21, 4 18, 45, 29, 4, 11 32,

265

19.pooiarum·112,.,5950 ,11,94111
5,4. 11,1,4 5551141119, 183, 44, copias
Ι113,122,,,,524431,4.140,,,4144
44,448,51,550,4,.451,4Π5,,5
45.1,8,,4516,4 ΠΙ11,,5 20,,45123,
4.4,4ΠΠ113,.,,1,.1441452351341
9,4.,.114418,,4218,45.41,.44150,
41,.1,,5145344155,1456,,4119,
9.1,,04311,41Π15,,,1,,;5518420
sffismwffiffl4ffimffl
n.ufflffimffl1ssmw4ffl
1216, 4511311114.10181,1,114111111, 4110141110
4114419444294335ΠΙ6
5.1.,1..,1.,1.,114411445204424445Π111
419'41,.’‚9444 ,1,.,114419422
5214440449444525111
4545641484105515532
4197114144144195410
0245 6619. 61, 4444. 13, 1. 19,
²:¹⁰·

5, 5455455514 (999. 77.) 128, 44, 55ρί5441441445(551.55.)123,.5
55544554118,.4 1 48, 45. 5544555554 *copulis (551.) ΠΙ 13, 44
(555,)154,15, 114444, 1Π1,4. 9999911711914

oonuentibus (551.) 11, 54, 2, 4, coram I 34, 11. 1118, 44,

conuertit (444555.) 144, 19. conuertunt 0541555]15441(45)1Π115, 18 97. Curio-

11 39,5,5554444541445 1Π 56, 4

4511544.

555544114441 49, 5, conuerti (9777.) 5545545 554114 (551.) 111 22, 9.
11844. 9991191949411117141,1¹ 55455(4.)11 26, 4, 454445 (555.) 11

conuersa 54455 152, 44. conuersum

ΙΠ 29, 4 45554445 (5141. 54.)Ι 23,
44 conuersa (555.) 1 25, 17. Π 26, 4284. 55451554 (551.) 1126, 9. 21,
4,ΙΠ111, 45, 99919197977)11115‚9. 52,8 7. 45.

Conuictolitauis (5.) 111 31, 5 42, 5 9910119111 16, 10711747.
Conuictolitauem 1Π 32, 44. 33, 17. 5544444 111 121,5 corporis 11111, 44.
0555155511554145111 555. 0541515- 1 14, 7. 1121, 45. 24, 19. 71146’, 14.

1011541111 (501.) VH 39, 7. 01, 44,
5554444455 *conuictam Ι 40, 45,

25, 4, cornu (5151.) 152,4,44,44,Π
23, 14. 1Π 62 5 19 5555551126,

5544545125, 45 corporum Ι 39, 4.
Π30, 9. ΠΠ1, 44 90190191110, 5,

455555451Π144.555415555(1541Π corp 5115444 (551.) Π 21, 9. VII 77, 94.
155 5011555555 (501. 44)140 4 Π 0045155Π33,4
10, 45, ΙΠ3,5, 1Π 29, 4, 60, 1. 89, 5551015554 111 22, 44, 55551411555(551,

1. conuocatis (551. 545)116, 19. ΠΙ

m.)111 17, 45 Ι11Π 33, 4, 5555164454

5,,451ΠΙ2344 14411145, ΠΠ1,4,455110155511Π2,,51[34

1Π44.33,15,,438 ,6164

11] 58, 4, 55510155140451. 44.) 119, 45.

555455 445 ΠΠ 28, 5, 5554155444 445 ΠΙ 5551015114 (44.) 11, 44,
1,,5 5455 55541541Π61,,4 coorto cotidie Ι 16,5, 55551614 I 48, 55, Π8,
(55144)14341Π21,4, 555454 51Π1145Π11315151555-

110,.5

tidie 11 1, 14. 45511014 71114, 4

55ρὶ4(51)13,,,,4165 ΙΙ2,4, 112, 55516141Π,..364544,411,44
ὲ1144141111116,11414.11211,1.1 1111111110, 111 111 1111113101111131111110551141101)1112191111.
4‚14. 1Π14, 4444 32,4. 56, 45, 52, 11. 1131, 45 001749799'1111
55415130,4,,4844,142,5 copiae 22,1 14 12641, Cottam 11 11, 451
151011410014411111ΙΙ113114, 1115111451 50 05151101(15011)1111171Ι11319,1111.11 1111 1
4.,1.,1.,.514064694 76,19.83,1.988 56555455(551.)1Π3,.4

 

