313

446346364639 44 4344.,44 24,.6 386 566. 712,6. 29 44
66,,45 4. 53, 44. Π11, 6, 1454). 14, Ν4146116(1451,)Π32,4
4615, 44, 17,6,46 22,,6 25, 10. 14. neruos 71216 neruis (6141),,1206
ΠΙ2,4, 3, 1..4‚5 9,46 46, 1,314 1461(66166)Π21,,,4ΠΠ1764, 734,
1464622,.,6286 ΠΠ1,41,2, 10 (4775814711534417711
46,,.,.,..,841462066266 ,29,6..44 1446 (477H81414114715
3267216443681510 71,6,1()722,.46
16, 6. 4. 27, 10. 28,6 29, 66 30,4, 1164166616 uocales) Ι 26, 44. 35, 11.
356481452644 53 44 717, (66166)7120,4. (11)135,,44
46, 9, 4416. 11, 44, 14, 6 46 32,6 1464411164 )Π9 6 44661416(6.)7Π
34,46,,,,366404.646,641 7Π1,63,4.4
4,.46 14, 14. 15,6 20, 11. 46. 23,4 66616616116,13. 7119,.6 231,
296139Μ63616Ἶ52476Μ44677, 1111111111,4,,.,.,.,62863266406643
1444874(66165)144 66 ΙΙΠ22, 66Π15617 46204626 4428
4,.7,Π766 (6)114,6 42 4643 4,6. 1113‚4.4„‚'.,'.10814134441‚
1111114311 111, 11. 11, ,1, 7117341, 6711 11, 1611111613181454, 281112913141733,
39 46 47 46 75 61 (11117435 4344635 443663864146
6416. 1'113..'.'.411117‚4738,4 57,6’1,1.,’,,7112461363267Π5
44,,84416.,,,,,’,7Ι2167Π962346 44.’,.,,.’,.,206443644474776,41641
43,14. (471111464 7176 71 11111111Π17,16.111216661617Π
14,,,4628, 7115,,,9476..64,4 53,,61111111111111111115Μ47556
6644 874 (71717, 44 3166 36 7116536 6415 11111116 661161
46,’Π114,’.628,461’ΠΙ22,6723, 49,.,.,66ΠΠ176674 7,6
7112711611011133116619 111141 1111111611 711296.
ΠΠ13,.4 7Π59,6. (1)Π15, 44, 11161122, 6. 30 44 3,1 44. 4446 66.
ΙΠ18,6ΠΠ1,46.1.,0626467 Π6,4620,4132,.4 Π1,816. 17,
19, 11. 53, 66. 7Π1,16, 26,4, (141) 46. 1'11144,4.25, 44. 71, 411314,
ΙΠ11,14,72,.614,6.22,.46 71 1146711661862067Π19,
25,6 (1)Π19,6, 19,.141119,46. 46.6,9,,,,,,,6774685486688,,46
12, 4, 710, 4. 3894. 7119, 6. 62, 46, Nitiobriges (666.) 7117,6, Nitiobro-
(147139, 44 406 ,45,6 41653, gum 7113146, 46, 11. Nitiobro-
61Π126134611Π7,4,,166, 11146(6)7117514
17,6,22,4, 77, 46 17, 46. 711 23, nituntur 7137, 46.63,.6 niterentur
16 39 46 ((4)Π 22,6. Π116,6 11346,
12131 ΠΗ 2946666316). 14. 7122, niue VH 8, 45. niuibus (651.) 7Π
1,,,,.’,,,.,2362542743663744’ 55,.66
41. (1)131,64,76,4. 7Π80’,44, 1465111(651,46.,)7224 nobilibus (6.
(6) 114,,6 18, 46. 25,6. 33, 4434, 1614466. 71 13,6, 1101411116(666
4,,14066666Ῐ,,’,,’,424445644. 11 mVH77,44 no'bilissim1414,1.
3,.4 10, 46. ΠΙ3, 4. 6, 6. 14,4, HH no 1116611111(6,46)Ι,31 46, 116111116-
17, 66. 26, 4 V17, 10. 23,’6 566 simo (6 m 11 46, nobilissimi
718417462162741306 (441,),7Π646.11651116611116617,6
7Π52,6, 111,,,14144466 Π26, 31,66.
5.IIH7,4. v55,'.'„47⁷1141 711 1165111167Π384 1661111615126
45,6 5411. (47'139‚14 111246 73, 46 165414616411131, 4614651-
ΠΠ1,64’),4,,,,686 111116Π6,.,467646 71124,
11,-1326111616 . ”⁰77 ‘'..345407777 1161311, ,1

1764111467 45,6 Neruii (pl.) H 15, nocendo (651.) 71 34, 46 nocerent
4.1,7 1441. 23, 46. 7396. 42,4 ΠΠ17,64. 4466641Π114,,.7646
Νεω1ο161411128,6. 741,4,46,6 3411). 1666161447 1414. 71
48, 4. 58, 41. 7136 Neruiis (6,) 64116641411411147366
Π29,6738,447Π7516.1161-11661111866Π33,6.ΠΙ2,4.11Π
1166Π466166 17,6. 196 7 3246794371440641536

 

