318

34140, 1. 43, 5. 57, 10. 69, 5 71 1.
(Ι.)Ι4,1.31,18.51.33,15.51,8.111

518 2951345398 41148
18,49,1,1111255,32,31517,318,55,
1145, 8181185186) Ι5,,5 114645,

1Ι35,5.1Ἡ148.29,5,,365 om-
1188(8388,Ι.)Ι20,15445Π145,
2415,.34,1Π19,8 111115533,
1341811111082315 4318.
ss,5wwwffl5wm.fflh5

11318, 14. 71,11. 8188155118) 1 43,35,11Π3,5,3,,.,,3,63165866151118.

θ,8,ᾞῶ,3ωΜΜ5ΠΠ51
ffl,⁷.55,5.'m5,5 ffi,5.
44315.,554 .68,,,11755,80,31.833,.8
5h555955555
15,,,,,,,,11153145351,.1118,18
284V655144515
43,5511112,,,3,113111Π22,5.25,
5fflffi5ffl¹ffi4wmffl.m
111,5,,,43111114,5Π114,,5
ΠΠ33,43,3,,,1511511835,,.32113111
5‚9 ἭἎΜ841Π5Μ8
mmHM65ffl455ffl4
1153,1,,Π2,,,1111113,,,,62313
ΙΠ8,3514,51,16,5, 18,5,3ΠΠ15,
wsffi55V7595w5
M5ffl4ffluffl2ssmffi
5fflffl5ffiwwwssw5ffi
4ffl555555WH‚585
5,5.5‚25,ffiQ5555
⁷.5ffl5mmfflw,5IfflQ
15,36,13,1613,5,23138.,,,47853
555Wss55,5.fflffi
2311,133323233133111331,393331353311ΠΠ2635333
29;,3,3,3,,;1511[3118]3381811Ι136,
5,3m545mmmw1
1,35325,..1129,8,,315,398 .,,401
41,5 ,44,81, 3113,1ο,4613.28,5.
5,4.mw,1.5,5.5,5m
1,1. 1 1,11 16, 1. 39, 5 44, ιο VI
16,1, 23,315 305 ,32, 1, 34, 15, 38,
4ffl45wvffi1ffiwffi
5fflw5w5fflfflffi5wf
w,5fflw1w5ae5fflffi5
113,11Π3138,18112,.,12415358,

12,1. 818818(868Ι.)3,5,Ι44 Π53,5
Π1113,1,,111538,,1Ἰ21534,8,
43,5,3,,3,.,33311Π911011651’1,355
18,5,,455 818818(888,)315,6.1,
183,813,,,1245.31,,181133,1,
45131158291315Π112
15161285 ΙΙΙΙ345,3,.65115,
18,.3,.3,.,,,.519117533534143,
1533,.,5,1131810 19,131,,31351Ι1
1952052282482613011
1835 5618111883.(851 31811245 31,
5ο.3,32542,,,.,.,154851171151,
25,3151Π3,,3241129,181311113,3,11
14311,1,,,,,912952611.,341,38,.1
113,18.,4514,1,,32511,443,1,3561.
112511131111Π255141
34,16,36,638,3,,,14056411651.
55511181 3: :3 51
335ΙΠ4561511241
26,1628,11.131Π143,5191121
45555Mm5m5m
VNJ585NJ54H5 fflwsffl5.
40,5 4916055118185281
11101511113113053111
35,,3,.3,.33,.1391841811111815,,8
11.3,,3,,3,19521526521,,,,5835
345. 3,43153,4116.,5418,,3,6218
615695185195801885
8168151183 (abl. 8,) Π 313, 5. 245111

6,1822,,1ΠΠ4,.1820 53245
5η551ὴ85858
141843411114135,7,53,25,1
35,5.,34211,,.45856,.,55560 365,
9.ffluffl5ffl,4.ffl,4.

83111 115, 1141] 1135,,32311. 32, onerariae( (31151 ΠΙΙ2211.36,,1 one·

55555553wn

54 1588181588 (d m)131

181188 ΙΙΠ 2115. 8881811181811116)
IIII 22, 11. 25, 8,

11 11130, 5 ΙΠΙ29,18,113,54158888888188611115

VI 13, 51. VH 15, 5 20, 51. 40,11, onus oneris 11 30,1ο, onere 1111 241,

518Ὕ1ΠΗ1518,8161,

onera (888.) ΙΠ313,11, 19, 5 115,

15 11511838(888.81.)145,,28553,1Π op,5H3l4. 8588(83,.)1Ι1,15 (8838.)

14,.1116,83,151Π2,,3,,,81085
233,.1115 11Π31,1, 1123,53,3,56,
55955555555

31122,315.851585(8111.,)Ι205Π
44,811.31Ι21,.111Π14,3.1839,8

8811185101118134,.15858168(5.,)1111581),81818Π2515
36,1.111134.,,15918230,15,33,1 1145 1118521211, 81181831

43144118551611864
1 651113,.114,1.15,.3119,.11

ξὲ,31.15,,52151111313,.,12011
1,

818818(88818)151,1131,,53,5 0p1n10112411352 113 11, VI

 

