382

031133 48, 33, 00113 (000. 0) 49,.3 03101023 opinionsm8,9 opinione
001113(061 0.) 41, 33 8, 19.
nnmerum*4,4.11,9. 34, 11. numero oportunitas6, 19. oportunitate 39, 9.
(957.,)8 ιι 10 ιι 1397 17, 9. 25,.3 0οΞ11001(0. 919341 39,3 4l,.919.
35‚1954,9 2,3. 43, 3,.3 oppidanorum 33 3
10οι600ιο 4, 3 opp 0110013 (0.) 40, 19 43, 11. oppida·
nffiffiffitffrllen 2399 31,3,46,3 23937, 9. 32, 19. 37, 3.4, 40,..ιο
n 4.
nuntium 36, 9. nuntio (004.) 20, 3 oppidum (0 0.) 40, 9 oppidi 33, 33
11191119.) 1319 nuntios 21,3, 37,9. 41,9 41, 9. oppidum (000.)
nuntiis(991.)56,9.2693293999940909910
0030053 (αο4)235ι34313 353
nusquam 44, 19. &319ng 221, 3., 3, 9 5, 433016
ob 34, 19. oppositis 7(957. 0.) 16, 9.
3333013043 opprimi 36, 4, opprimebantur 13, 9
obses 3031133 (0.) 20, 11. obsides 000) opprimere7ntnr3, 3, erant oppressi
319. 23,,.33 38,3 46,9. ,33 24 19 33313031(004,0.)5,33 14,3,
obsidibus (004.) 21,3 319. 48, 99. oppugnatione 26, 11. 40,0.
obsessionis 349 9599799ion7em714,9. 0000000 oppugnare 26,33. oppugnari
obuenerat 12,3 1,,13 26,,3
0001003513,οριὶ13ιι101ι(000)37,3,(000.0.)26,
occasionem 18,3 28, 14. 19. opsidendos 37,9.
ooonpat 32, 3. 9991157pand91um (.m) 43, optemperurs7, 33,
30000000001031“ op 1033 6 19.
occurrit (praes.) ),3 19. 0133100152, 11.
000003 (0.) 31, 1946,19. 999091119'1941,9.099991999,9
301003 (.004 0.)8 9. opulentiores (000. 00.) 1, 3,
3113 (0.) 7, 33 311οι0 (000,,)48 3. odio opus operis 41, 33, opus (000.) 34, 33,
(004.)ἵ 24, 33, opero 48, 33. operum 10, 9. opera
oflene7 ,33 offerebat 42, 19. oblatam (030.)37, 3. 42, 3,,43 9. operibosuoz.)
18‚79. 15,30.,40 .417,11.19.,.42943‚9.
offieium (000.) 50, 33 officio (obl.)7, ordinem8,19. 3311039, 14
4 47, 9. oriebatur 42, ιι. 3333 ortum (000. 0.)
omnis(.999..f.)29‚.,1941149,.‚95138,.9
9 omnem (m.) 36,s.50,19. ornnem ornatum (30031, 000) 51, 4
1,9)46, 15. 53,.9 omns7aeo..,9)28 990019948‚ 30 oruntib7us23,1.
9omni (004. 0.) 17, 9. 39, 19. omnl ostendit (puls.) 18 9
(7157.f.)1, 1. 6, 19. 46, 19. omnes
(0. 30.) 48, 19. (0 f) 13 19. 46,3Ρ .(= Publio, 957..)46,19
0001οι03ιί.)00000, 19. 7,33 34,.9 0000003001 99. pabulationibus (0.)
38,4.1140,1. (1),303.(8),3.00.) 11,.3 (004.)10,ι..316ι3
51, 4. omnibus (0. 011 0. 21, 1. 3300101οι03(0.,)10 19. pabulatoribus
3514 333 44, 33. (0333 s. (03133
16Π138ῗ1ἑο711601νῗ15110677116,Ρο1111111ἷ1011016μι.00001103.) 3‚.e
19.18,9.33,.,.95210mni9(999.fi)17,9
,,33 25,.3 omniu (.)000 )1, 9. paen798,.,.,.,.191419371409
7719.788,.1925,.,938 19.„499539 991911913,9.p'91111911110,.,9139. 14,
55,3 om119997997'99.)22,9.9.34, 19. palude 7,19,10,9 11,914,
9599. 99991810. 2633. 36, 14..19
..0,.,33, (01.3 )3,,03ωριη(3.010)ι33(οιγ)ι33
51005201. arendi4 9. parente (9949 ()4,7 3
onus 7.,'(9eo)6 19. onero (000.) 49,.3 00030001243. 0010100120
operose pruef, 19. 53,,3 pararetur 55,9 paratus 47,
opes (000.) 21,3. 9. parsu (919189 p711949915, 328, ι.

 

