646

27, 6. 29, 11. 20 6. 28, 6. ΙΠ18,16. 66 I 43, 11521. H 23, ιι. 27,(1, IIII
111111Π1ω 1ωψ1ωῃ11Η,

19, 6. 37, 5. V 26, 137, 6. 39, 10. VI
38, 6. VH 4, 5. 11. ll, 5. 12,1ο. 16.
18, 11. 33, 5. 56, 11. 7016.71,1. 75,

1 7, ιι. 11. 9,15. 15, 5. 23 1. 29, 16.
66662m6mh66
5. 11. 7Π 9, ι. 36, 5. 6211 77. 1. 78,

62mmwwM62w16266626
6. 28, 4. 31, 15. 961. 11. 36, 5, 49, 5, eique (1111 uocales) Ι 1, 6. 2, 6. 6, 5.

113, 6. 4, 6. 9, 6. 13, 6. 6· 15, 5. 31,
1 ιο. 32, 1. 33, 6. HI 6, 1 23, ι. 28, 6.
IHIl, 11. 7, 6. 11. 15, 6. 32, 1137, 16.
V3 6. 41, 4. 15. 51, 16. VI 2, 6. 13
uffizfflmwssstmffiss
16. 15.

1111113111 ΠΙ 14, 16. IHI 66, 9,

6113316166 H 10, 6. 64, 1. 71165, 11.

,1.

armo aimeri HH 32, ιο. armandos
11119,5.61131‚ 6. armandasVl,
16. 1111111111 (666. 11.) V36,1o. (αοο.
6.) 7 56, 4. 1111111151. m.) V 41,
14. 1111111(1)1.) 756, 6. armatae
(nom. pl.) HI 13, 1. 7 49, 6. arma·
torum HI 3,1. HH 1, 6. VH 4214„
armatis ((1111.) 1127, 4. 1111111ο1 140,
1111111111 ΠΠ23, 6. 11111111. Π 4,
’11. 11.
rmorieae (pl.) 7 53, 11. 7Π 75, 16.

arpegonum 711 81,1.

Arpineius V 27,1. 28, ι.

enipere V 33, 16. “

666 artium VI 17, 6.

11111111 (abl.) VI 27, 1.

artificio, (abl.) VH 66, 4. artificiorum
VI 1 ,1.

artus 1111 VH 23, 9. eitius IIH 17,·

60. artiores (acc.) VH 18, 6.

Aruernus VH 4,1. 88, 16. Aruerno (11.)
711 76,16. Aruernum VH 8612,
Aruerni (15166115, 16. 8, 11. Aruer·
norum VH 3, ιι. 7, ιο. 8, 6. 64, ιο.
75, 6. Aruernis (117111, 175, 6. 90,
5. Aruernos 131, 1ο. 45, 5. VH 8, 3,
16. 34, 6. Aruernis (1151.) 131, 16.
7115, 16. 9, 14. 311. 38, 1111 66,
6U6Q6Q6

6666166116 138, 16. 6166 V1184,1.

ascendii VH 47, 61. 1111161111 21, 5,
H 27, 16. 7 43, 5. ascenderet VH
47, 1ο, ascenderant VH50, 1 111111-
1111111111111118,

6666116116 Ι 21, 6. Π33, 1. (9·17Π46, 1.
ascensum VH 72, 15. 85, ιι. 11111111
V32,5. 71145,11.50,1186,1Ι

1111111111 711 76,16. 11111117 14, 6.
VH 56, 14.

asperior V 45, 1.

12, ιο. 13, 1. 6. 114, 115, 6. 17, 118,
5. 66. 2612212311. 2611127,
4. 28, 16. 31, 11. 1ο. 15. 61. 5133, 6. 16.
35, 1. 16. 39, 4. 6. 66. 40, 6. ιο. 11. 16.
43, 19. 44, 66. 11. 52, 16. 53, 1. Π 1,
1. 3, 4. 5, 16. 7, ιο. 8, 66· 10, 6. 1ο-
16.13,1.5·14,6.16.15,1.16.16,1.
17, 1119, 16. 1120, 6. 61666 127, 6.
28,11. 29, 11. 30, 6. 31, 6. 32, 11. 33, ’
11.1Π4,1.5,1ι16,11.7,18,15.
9, 61 (611). 11,1. 12,16. 164. 10. 14,
5. 11. 20, 6. 15. 21, 1. 22, 1. 24, 11. 16.
25, 5. 29, 6. Π11 1, 1ο. 11. 16. 2, 14. 4,
11115,19,1.10,ιο. 12111111
13,1, 14, 14, 1115, 5. 16, 61.l7,15.16.
16. 18, 5. 6. 16, 6. 6. 16. 20, 1121, ιο.
2211231111. 2511111. 26, 6.
11.11.27,1.31,1.32,11.ι133,1.1
34,11.37,1.171,1.2,111311,
5, 45· 7,111ι. 9, 5. 6· 10, 6. 11, 6.
12111. 13, 51· 14,1. 15, 6. 6. 6.
16, 6. 16. 17, 4. 18, 1 1ο. 19, 5. 16. 20,
6. 1. 21, 1. ο. 11. 22, 5. 16. 15. 25, 6. 26,
1 29, 11. 32,11.33,ο.1ι1.1134,
5. 35, 6. 36,1ο. 31111. 38, 6. 43,
6. 6. ιο. 11 44111111. 45, 1. 50,
16. 51, 16. 53, 15. 55, 1. 11. 57, 4. 58,
1111111111153113111

11. 16. 66. 9, 6. 10. 16. 10, 1. 11, 4. 12,
11, 11. 13, 66. 14, 16. 15, 1. 4. 16, 6,

17, 11. 19, 16. 20, 121, 6, 22, 6. 10.
26662562662
1ssm6mstffl6ffiszm
mfflmem6ffl4fflM2
66166446HHffl26166
&mwffiwfflmmmnmm
mssw424mmeest5m
11, 19, 6. 20 61. 22, 6. 1091). 24, ιι, 25,
626262666266
626266256216
6666662666
H1mmffl466262
6421256625m1
&6Q1mfflm6mmffl
mfflffizufflmmffimmffl
Lffissfflffifflssssffiassffi
14Uffifflffld41wfflwffl2
Q5ffl6844ffi5mfflffl
wmmHQ4fflHffl26V2

 

