(41111245, Fabium V46, 5. 53, 9.
VH40‚5. 41, 44. 81,5 90, 9. 5969
145,6. 1116, 1. VH41,.5
facilem (55.1 Ι 214, ΠΙ 25, 9 facilem
15955194991199111',1914,5
facilia (555. 55.) Π 99149911695
(55. 55.) 16, 5,
5519559919. 19. 6,.4 11, 5. 25,.4
31,55, 111, 14.6‚9. 194. 13,.19
11113, 19 14, 91 23, 55, IH116,.5
1122,55.21,45.,553’3,,,.538451’1Π
451545 35,.4 4911. 12,,,584
5, 15511146 (956.) 12, 5, 8,.5 H 11,
54, 35,15. ΙΠ12, 4513, 191. V3,
451111, 91. 11115529, 15. 66,4
6635 1551114455 1 24, 95. facillime
facinus (51.1 VI 1319. fa5inoris V 56,
9. facinus 3555.) HI3 9 VI 26,,5
facinore 14 55113454 VH38,
19. 43, 9. 43, 6.
5549115,1.'1114,9.1115,1951,
5,,31449,611136,.411Π81,55.
1551551111, 9. H3,5. H16,1. 21,
15 1131, 45. VI 16 15 39, 15. VH
42,5, 43,,5 1551551126, 14. 111,4.5
99, 51. 43, 5, 56, 14. 1111, 54 VII
86,4, 5999191'159 H3,9. ΠΗ
155131,.4 11Π1,54.66,55.15-
569513,4.5,.,979.10.11.,81510,
930 19 33435 15 36546 91
43 59544 55113, 9. 32,51Π22,
5215111115 1619. 11,.528,
5.43,11.946 11Ι9,.,53344. VH
9.925ffl.5 5959
56, 19. 58,.11 66,55. 68, 5, 13,.5 11,
55 1551541545 (5111111425 16515-
65111111, 19 1551555551 H 95, 9. HI
19, 19. faceret 1 13, 9. 36, 9. 44, 95
111'19,19.111111,5.91,1.5141,
5,11Π11,5,11,45,66,4.15554541
15,95‚4.HH‚4.HW559
15511 1,Ι25,28,,546,448,4,56,,5
1Π115,5ο.11Π68,5,155154561Ι
38,5,165555541Ι15,55 35,5. 52,
5.Π11,.419, 462654 5910 H1
28, 19 1ΠΙ3,45 26, 19 51²9, 9. 95,
15 1111415. 9599. 8056 835
1655411111, 19. 1114, 55 1121,5ο,
VH 38, 94. 15554151 131, 49. V 1, 91
34,11.VH 5,14 1551565 113, 5 V
21, 11. 1555196 116, 511,8 56. 35 5
fecerant ΙΠ 29, 19. 1111 16, 15. 38,
5155166515 Ι 19, 5. 35, 19. 46, 95. 41,
4116, 15. 16,5,32,5 111111, 9. 32,
9. 1141, 15. VH 539 1999'959151'

281

33, 46. 36, 19 46, 11. IHI33,5. VI
39J.',55114915.595915,15.1111
30,5511645 5655155155544551541
114, 45, 44, 56. facturum (95.) Ι 33,
4, H 325111, 15. facturos Ι 14,
45,1Π122,521,5, 1119,5,,266.
29,4,,11Π25 66, 11. 965 9951-
19911354 11Π18 51146 5
9115151115969149519
99, 9. 88, 5,,54 fiun6VI33, 11. 995
91’99, 19. 11Π165, 65411425,
Π4,5,,,,5,5526 H14.1515,.5
18,413,5.36,.933,.91H119,5.
2355. 51,.'941.9.'.,.‚'.9410615
33,15. 56, 55 VI 33, 19. 29, 19 VH
15.„5599 45 45131146 1
ciendum 55651 V 3510 faciendi
4411m34,n1191. 17155115514160151163(1 4⁹1)
9 15515515556511135, faciundi
(9. 95.) Ι 1, 15. 5995 faciendum
(555. 99) Ι 31, 49 faciendum (555.
5.) 1146,5,111181,4ο,1551555-
5919595599511 56⁷, 5, faciendas
995, 9. 59191915196'9. 55.) Vl3, 19
5959612,11.111,9. 6,.9 111124,
10 1156511 10,4, 22, 55, 43, 5511 ’
9,,,,51Π6511114,46.1153,656.
VH 69, 46. fierent V 54, 9. factus
596 Ι 12, 5. 41, 14. ΙΙ 34, 4. HI 9. 5.
V 25, 15. 53, 91. 596 155156 VH
25, 15. 596 1551511 21, 1. 15515
596 ΙΠΙ 29, 11. factum 596 HI
19, 5. 5139199112415. facti
65555111, 9 factasunt 115,,4 sacta
916 6,I31 44, 15565msi613l, 41
155165 54555111 5, 9 factum 9995
131, 11. 6556155166136,6, 55956
15515554 Ι 18. 95 15515 5665541143,
15 155156121,,,,511164 Π19,4.
195411Π5,4.1141,’,511ΙΙ]’5.
1551515161) ΙΠ16,,5 1113 45
111169,55.15515545(5 541 11114,
95 (555. 99.) 118, 95. 26, 11. 43, 19. ·
1511116455653355 5855
95959. 959 4315565 80,.14
15515155151ΠΠ125, 31, V 15
5.,,115 31,.6 111465. 1551515151.
9'',.9113‚.14919.,1181596498
1 HI615 111113116 55216
34„4V,.‚.11953695359 5599
134, 44,,.525Π6,5.29, 16. 33, 11.
54‚4.‚'.,T.,'.‚9.1111103911596 IHI
599555555959
V113, 14. 19,5 36, 15. 1111855
155111511111119511114, 15. 15555

 

