327

16, 3.Ι 36, 6. 44, 1, 45, 16. 65,16. 80, 19,1. V 3, 11 6, 13. 32, 1. V110,11.
111,ῗ“6“1,115’6;11ζ 5581136171 1157118651.) 13 631. 111 41‚1s.
29,13. 1Π13, 11. HH 24, 6. 26, 3, (666. ee.) VH 11, 11, postero (651. m.)
V3,1o. 1111. 35 6. 71 1211. 7Π 115,1. ΠΙ6,16.1Π111,13,38,1.
611. 3661111,3,13,1.16,1. v 11, 1. 36, 1. 46, o. 461, se, ,,,
20, 6. 32, 3. 35, 16. 37, 16. 39, 64. 40, 53, 1. VI 7,16. VH 18,,1, 26, 3, 27,
11. 16. 43, sn. 36. 44, ee. 45, 3. 46,1. 1. 29, 1. 35, e. 52, 1 53, 6. 67, 3. 79,
H 8, 6. 17, 16. 18, 6. 21, 6. 25, e. 13. 689,1. posteris (d. m.) VH 77, 61.
ΙΠ 11, 13, 14, 36. 26, e. 29, 3, 1111 postquam 1241. 27,6. 11 5,3. IH
23, 6. 28, 1. 6. 31, 16. 36, 6. V †3,16. 15, 3. 71 9, 1. 3111. 7Π58,3.87, 1.
7, 6. 6. 11, 1. 27, 11, 31, o. 4416. 46, postremo (6116.) 7 28, 11. 29, 13. 711
6. 47, 16. 49, 16. 50, 4. 6. 58, 6. 71 1, no. 87, 3. -
1,16. 46. 2316. 31, 11. 36, 11. VH postridie Ι 23, 1. 48, 3, 51, 1. H 12,1.
6, 6. 9, 14. 20, 36. 24, 16. 31, 6. 32, o. 3316. 11111616. V 10,1.

36, so. 39, 16. 52,1, 66, 1. 166, 3, postulone Π4,16, postulandi 14316.
89, 3, possent 12, 12. 3, 1⁸, 6, 3, 6. 6613161131 16461122, 3, 33, 1, 711
816.*9,3.11,4.1313.117,1,26, 16. postularet 1 35,1,ΠΠ 1616.
1361. 1, 36,16. 1141. 6, ,1, 6, 11, postularent 1361, 11111611. 23,
11. 9, 16, 17, 16. 25, 16. 28, 331611. 11. 3661313311 Ι 42, no. 43, 1. 63. 363-
IH 3, 3, 13, 3, 14, 33, 15, 3, 21, 4. 13166661 Ι 42, 3, postulassent 1111 6,
266. 29, 16. ΠΠ 4,11. 13, 11, 14, 3, 6. postulatum sup.) Ι 3131, postu-
161. 22,16. 29,16. 71, e, 13, 13, 1313 (66611 ,1. 3661316116 (651.
1ο,1.16,118,11.33,11. 711,11, 11.)I 40,6,42,6,ΠΠ 11,11,

2,1. 3, 6, 33, 13, 37, o. 711 19, 11. potenepotonoosvn 77, 11. potentiorem
2Ο,16. 36. 35, 11. 36, ee. 47, o. 5531, gg.) VI 11, 6, potentiores (6.61.) VI
56, 12, 72, 3, 73, 1, 11, 74, 3, 71133, ,6,361631161331 V113, 6. potentno-

1, IH 9, 5. HH 12, 16. 21,13, 7 mum m.) H4,1e. 36163 issimo (d.
42, 1, 55, 6. 71 351. VH 74, 1, po· m.)1 8,16. potentissimos 1 3, 31.
1361331 ΠΠ14,16. 2616111. 35, potentissimis (651. m.) VI 22, 13.

6. 6366. 7111164016 VH 13, potentatu Ι 31, 11.

1. 55, 11, 62, 16. potuerit 117 16. 36163116(6.)118,16. potentiae (311
1113672716. potuerint 1 40, 33. 1316 7Π 4, s. 32, 14. 39, e. poten-
H 3, 13. 11118 6. VH 2611. potu· nam 711116. 36163116 71 12,1.
1666 137, 6, 39, 3, 75, 3, 27, 11, 36166166 148,1.Π6,3,3616616116ΠΠ
71 42, 4. VH 26, 6, potuerant 11 1611, testati H 31 3, poteste-
41, 1. 11 1, 1. *nm ee, 11. 111363, 16111 , ,1, 46, 1,, 661, 11 en.
potuisset VH41,e. 52,11. 3613166631 13, e. 34, 6. IH 17, 13. HH 11, 3, 15,
126, 16. 31, 31. Π 3, 13. ΠΠ 3, 11. 16. 38, 67 51, 171 13, 6. 23, 1, 7Π
7Π 52, 6. 88, 11. 13, 11. 32, 6. 33, 16. potestate 132,
3661151471. Π5, 16. 9,3. 14,1. 11. V3, 31. 41, 6. 71 14, 16. 36, 16.
19, 5. 2316, 1115, 16, 10,6, ΠΠ 7Π4,18.43,3.

1, 11. 9,1. 16, 6. 30,3. V 17,6Ι 13, 3611131 714, 4. VH 11, 19. 58, 6, 36· ·
51, 6. 53, 6. 58, 33. 718 61, 10, 1. tiuntnr VI 3616. 7114616, potiri
14, 11. 17, 4. 22, 6. 33, 6. 41, 4. 7Π 12, 6. 3, 33. 1Π24,6. 3613631311
11, 6. 15, 16 30,1, 59, 31. 6016. 67, 30, e. potiti sunt Ι 26, 11. 3611136
11. 72, 13. 83, 16. 87, 3. postponere H 26, 6. 7Π 36, eo. potitos H 24,
VI3,1o· post positis V 7, 16. 366 1e. potiundi (3. 11.) H 7, 6. potiun-
tergum HH 161. 22,1, VH 62, 13. 16133(6)Π16,1,

84,1, 88, 1, 361136 Ι 45, 1. H 10, 11. VI 34, 16. 36.
1166161131,11. 22, 6. 2815· 40,16. 71137,13.78,1.

H17,4. 306 32,16. 1111 30, 6, V 3166 Π 30, 6, 7Π 44, 4.

8, 11. 23, o. VI 23, 11. 39, 3. praesenti VH 22, 11. preeeouti (pl.)
posteaquem 13111. 46, s posteenero VH 73,16. 3166363136( ,1) 11114,
quem ΗΠ 37, 11. 366166 quem HH 11, prosecutas H 29, e. 3111666316

81, 6. 3613111266. 37, 11. Π12, ribus 3667. 61.)Π 1,,1, potentissi-

 

 

